x, y
0.10471139942712071, 2.813244931200984
0.14659749306572323, 5.130024625628067
0.3141341982813586, 7.281329795819559
0.3979063855585565, 9.26714529120558
0.6492152780513969, 11.418442886112132
0.8167519832670358, 13.735230155824155
1.0680608757598762, 16.052009850251224
1.23560141564489, 17.872343246116728
1.528796401776333, 20.18913051582875
1.7801052942691697, 22.340428110735303
2.1151825393698296, 25.31915135381435
2.36649143186267, 27.4704489487209
2.492145878109092, 29.45626444410692
2.8272231232097447, 31.77305171381893
3.162304202979783, 35.41371093026501
3.162304202979783, 33.59338510968445
3.0366497567333646, 29.290782344586404
2.9947636630947727, 27.30496684920037
2.910995310486946, 24.98817957948836
2.8272231232097447, 22.340428110735303
2.534031971747691, 19.692676641982246
2.2408369856162516, 16.7139533989032
2.0732964457312306, 14.562648228711708
1.8219875532383902, 12.411350633805156
1.570678660745557, 10.260053038898604
1.361255861891319, 7.943265769186581
1.0261786167906521, 5.957450273800561
0.8586380769056383, 3.3096988050475034
0.5235608318049785, 1.1583936348560115
0.23036584567353557, -0.9929039600505405
-0.02094304681930126, -3.4751733292830806
-0.439792479197159, -6.950350446208631
-0.5654469254435774, -9.432619815441171
-0.7748697242978153, -11.914896759958644
-0.9005241705442373, -14.23167645438572
-1.1518330630370777, -17.0449100226593
-1.4031419555299145, -19.527179391891835
-1.6544508480227549, -22.340428110735303
-1.8219913879077723, -24.491718130356908
-2.0733002804006126, -26.477533625742943
-2.408377525501269, -28.79432847073989
-2.6596864179941093, -31.111108165166968
-3.036649756733368, -33.59337753439951
-3.455499189111226, -38.39242659805912
-3.413613095472627, -36.07564690363204
-3.329844742864811, -31.773051713818937
-3.1204181093411876, -29.621746543627445
-3.0785358503719706, -27.635931048241417
-2.9109953104869497, -24.657207805162372
-2.9109953104869497, -22.17493843592984
-2.7853408642405277, -19.361704867656258
-2.7434547706019288, -16.21749194977175
-2.6596864179941093, -13.735222580539215
-2.6178003243555104, -10.921981436980694
-2.57591806538629, -8.770683842074142
-2.282723079254854, -5.7919605989950895
-1.9895280931234112, -3.1442015549570925
-1.612564754384156, -1.3238757343765286
-1.0261786167906557, 0.9929115353354803
-0.48167473816637596, 1.8203371835079736