x, y
0.1884797520349366, 2.813244931200984
0.6910975370206174, 4.302606552740514
1.0680608757598762, 6.122932373321078
1.403141955529911, 8.936173516879606
1.8219875532383902, 11.087471111786158
2.0732964457312306, 13.569740481018684
2.2827230792548505, 16.879435498423717
2.5759142307169114, 19.858158741502763
2.95287756945617, 22.009456336409315
3.120418109341184, 24.98817957948836
3.287958649226205, 27.966902822567405
3.287958649226205, 29.952718317953426
3.3717270018340244, 32.60047736199142
3.455495354441844, 34.91725705641851
3.5811498006882623, 36.90307255180453
3.748690340573283, 38.88888804719056
4.125653679312546, 41.040193217382054
4.502617018051797, 42.6950369384421
4.837694263152464, 44.34988065950215
5.214657601891716, 46.33569615488817
5.633507034269577, 48.3215116502742
5.968584279370237, 49.314419397967214
5.8848159267624105, 46.66666792921416
5.759161480515999, 44.84633453334865
5.67539312790818, 42.52955483892157
5.633507034269577, 40.54373934353555
5.549738681661758, 38.557923848149514
5.549738681661758, 36.73759045228401
5.465966494384556, 34.58629285737746
5.424084235415339, 31.77305171381893
5.340312048138138, 29.621754118912392
5.298429789168917, 26.808512975353864
5.172775342922499, 24.491725705641855
5.0890031556452975, 22.009456336409315
5.005234803037478, 20.02364084102328
4.9633487093988755, 18.03782534563726
4.837694263152464, 15.886527750730707
4.753925910544638, 13.735230155824155
4.670157557936818, 11.583924985632663
4.628271464298223, 9.7635991650521
4.460730924413198, 7.777783669666064
4.293194219197559, 5.460996399954055
4.041885326704726, 3.9716347784145256
3.7905764342118857, 1.8203371835079736
3.287958649226205, 0.000003787642469887942
2.910995310486946, -0.9929039600505405
2.36649143186267, -2.316783482069539
1.7382192006305708, -3.3096912297625636
1.23560141564489, -3.8061451036090688
0.6073291844127979, -4.96453495082261
-0.14659749306571968, -6.288414472841602
-0.6492152780514004, -7.6122864195756605
-1.2356014156448971, -9.101648041115183
-1.6963369416613574, -11.252953211306675
-2.0314141867620137, -14.066186779580256
-2.408377525501269, -17.210399697464766
-2.6178003243555104, -19.196215192850794
-2.869109216848347, -21.347520363042285
-3.1204181093411876, -23.995264256510403
-3.2041902966183855, -26.31205910150736
-3.3717270018340244, -29.290782344586404
-3.539267541719049, -32.26950558766544
-3.6649219879654673, -34.91724948113357
-3.790576434211882, -37.3995188503661
-3.958116974096903, -39.716313695363056
-4.167539772951143, -41.86760371498467
-4.418848665443983, -43.68794468613511
-4.6701575579368235, -45.34278083191022
-5.047120896676079, -46.832142453449734
-5.4659703290539365, -48.81795794883577
-5.759161480515999, -50.63829891998621
-5.968588114039617, -47.16312180306066
-5.884815926762416, -44.84632695806371
-5.801047574154596, -42.033093389790125
-5.675393127908176, -39.38533434575213
-5.5497386816617595, -37.06855465132506
-5.4659703290539365, -34.58628528209252
-5.34031588280752, -32.26950558766544
-5.298429789168919, -29.621746543627445
-5.256543695530318, -27.139477174394912
-5.1727753429225025, -24.160753931315867
-5.047120896676079, -21.347520363042285
-4.879580356791061, -19.196215192850794
-4.837698097821841, -17.210399697464766
-4.6701575579368235, -15.224584202078738
-4.6701575579368235, -12.742314832846198
-4.460734759082584, -10.75649933746017
-3.9999992330661236, -9.432619815441171
-3.413613095472627, -8.27422996822763
-2.952881404125545, -6.950350446208631
-2.408377525501269, -5.460988824669116
-1.9476458341541907, -4.137109302650117
-1.5706824954149319, -2.9787194554365755
-1.1099469693984751, -1.3238757343765286
-0.8167558179364178, -0.33096798668351823
-0.35602029191995754, 1.3238833096614684