x, y
0.3141341982813586, 1.6548475087025167
0.7748697242978118, 3.1442091302420323
1.0680608757598762, 4.633570751781562
1.7382192006305708, 6.453904147647066
2.324605338224071, 8.108747868707113
2.95287756945617, 10.094563364093133
3.3717270018340244, 12.411350633805156
3.748690340573283, 14.397166129191177
4.041885326704726, 16.382981624577212
4.335076478166783, 19.196222768135726
4.460730924413198, 22.009456336409315
4.628271464298223, 23.995271831795336
4.670157557936818, 25.98108732718137
4.795812004183237, 27.966902822567405
4.921466450429659, 30.614661866605402
5.005234803037478, 32.434987687185966
5.1308892492838964, 34.91725705641851
5.256543695530318, 36.90307255180453
5.465966494384556, 38.723405947670045
5.633507034269577, 40.8747035425766
5.759161480515999, 43.35697291180912
5.842929833123819, 45.673760181521146
6.094238725616648, 47.16312180306066
6.387433711748091, 49.1489372984467
6.8481654030951695, 49.97636294661919
7.35078318808085, 51.30023489335325
7.685864267850892, 53.12056828921875
8.230364311805783, 54.77541579792127
8.188482052836566, 52.12766054152574
8.146595959197963, 50.14184504613971
8.104709865559371, 48.48700132507966
8.104709865559371, 46.50118582969364
8.020941512951545, 44.515370334307605
7.853400973066531, 41.86761129026961
7.7696326204587045, 39.716313695363056
7.727746526820102, 37.5650161004565
7.685864267850892, 35.41371093026501
7.560209821604463, 33.26241333535846
7.518323727965871, 30.614661866605402
7.392669281719453, 28.29787459689338
7.308900929111633, 25.815605227660853
7.141360389226612, 23.49881795794883
6.9738198493415915, 21.18203826352176
6.806283144125953, 18.368797119963233
6.638742604240932, 14.728137903517165
6.471202064355918, 11.087471111786158
6.219893171863077, 6.453904147647066
5.8848159267624105, 3.3096988050475034
5.633507034269577, 0.330975561968458
5.172775342922499, -1.8203296082230338
4.544503111690396, -3.3096912297625636
3.916230880458304, -4.633563176496622
2.910995310486946, -6.288414472841602
2.1151825393698296, -6.950350446208631
1.1518330630370777, -7.281322220534619
0.23036584567353557, -8.27422996822763
-0.5654469254435774, -8.936165941594659
-1.0261786167906557, -9.763591589767152
-1.7382192006305708, -9.929073689287677
-2.3246091728934495, -10.921981436980694
-2.7853408642405277, -12.576825158040734
-3.1623042029797865, -14.562640653426762
-3.49738144808045, -16.382981624577212
-3.9162308804583077, -18.36879711996324
-4.2094258665897435, -21.016541013431357
-4.502617018051803, -23.333335858428313
-4.628271464298223, -25.98107975189643
-4.6701575579368235, -27.96689524728246
-4.879580356791061, -29.952710742668494
-5.047120896676079, -32.93143398574753
-5.382198141776735, -35.24822883074449
-5.5497386816617595, -37.73049819997703
-5.717279221546777, -40.378242093445145
-5.884815926762416, -42.86051146267768
-6.0942425602860375, -45.34278083191022
-6.261779265501676, -48.321504074989264
-6.554974251633116, -50.8037734442218
-6.554974251633116, -50.8037734442218
-6.806283144125956, -52.29313506576132
-7.3507870227502305, -53.28604281345433
-7.811518714097309, -55.10638378460478
-8.314136499082986, -56.264766056533375
-8.104713700228746, -52.45862474056678
-8.104713700228746, -48.983447623641226
-8.020941512951548, -46.33568857960323
-7.97905925398233, -40.047277894404104
-7.895287066705128, -37.06855465132506
-7.769632620458708, -34.91724948113357
-7.727750361489491, -32.26950558766544
-7.64397817421229, -29.621746543627445
-7.5183237279658695, -26.808512975353864
-7.476441468996651, -23.995264256510403
-7.392669281719453, -21.678484562083327
-7.225132576503814, -18.865250993809745
-7.183246482865213, -16.21749194977175
-6.9738236840109735, -13.569732905733751
-6.84816923776455, -10.921981436980694
-6.680628697879532, -8.439712067748154
-6.429319805386692, -5.7919605989950895
-6.178010912893857, -3.3096912297625636
-5.926702020401017, -1.3238757343765286
-5.130889249283902, 0.330975561968458
-4.335080312836164, 0.8274294358149632
-3.790576434211882, 1.4893654091819855
-3.2041902966183855, 1.4893654091819855
-2.701572511632712, 1.4893654091819855
-2.198954726647031, 1.6548475087025167
-1.5706824954149319, 1.8203371835079736
-0.9424102641828362, 1.6548475087025167
-0.48167473816637596, 1.6548475087025167
-0.10471139942711716, 1.6548475087025167