x, y
0.35602029191995754, 0.9929115353354803
0.8167519832670358, 2.647755256395527
1.2774875092834925, 4.468088652261031
1.6544508480227513, 6.288422048126549
2.2827230792548505, 7.612293994860607
3.0366497567333646, 8.936173516879606
3.5392675417190453, 10.425535138419121
4.083767585673943, 11.418442886112132
4.670157557936818, 12.576832733325674
5.0890031556452975, 14.397166129191177
5.465966494384556, 17.044917597944234
5.717275386877397, 19.196222768135726
6.010470373008836, 21.51300246256281
6.136124819255251, 23.333335858428313
6.303665359140272, 24.98817957948836
6.471202064355918, 27.4704489487209
6.638742604240932, 29.621754118912392
6.806283144125953, 31.93853381333946
7.057592036618793, 34.08983898353095
7.267014835473031, 36.73759045228401
7.518323727965871, 39.21985982151655
7.64397817421229, 41.86761129026961
7.853400973066531, 44.34988065950215
8.062827606590144, 46.33569615488817
8.272250405444385, 48.3215116502742
8.565445391575825, 50.80378101950673
8.984290989284304, 52.789600302535234
9.570680961547186, 54.940901685084256
10.031412652894257, 56.430263306623786
10.492144344241336, 57.257685167153795
10.9528798702578, 58.41607880200982
11.581152101489891, 59.40898654970283
12.251306591691211, 59.90544042354932
12.125652145444796, 57.9196249281633
12.04188379283697, 55.93380943277727
12.04188379283697, 48.48700132507966
11.99999769919837, 46.17021405536765
11.916229346590558, 44.0189164604611
11.916229346590558, 42.033100965075064
11.79057490034413, 40.047285469689044
11.79057490034413, 37.73049819997702
11.623034360459119, 35.57920060507047
11.581152101489891, 32.93144156103247
11.49737991421269, 30.78014396612592
11.371725467966272, 28.959810570260416
11.287957115358452, 26.31205910150736
11.287957115358452, 24.82269747996783
11.20418876275064, 23.002364084102325
11.07853431650421, 21.18203826352176
10.910993776619197, 17.541371471790754
10.910993776619197, 17.70686114659621
10.785339330372778, 14.728137903517165
10.617798790487758, 12.245868534284625
10.408375991633516, 10.094563364093133
10.15706709914068, 7.777783669666064
9.947644300286438, 5.460996399954055
9.780103760401417, 3.6406630040885375
9.528794867908584, 1.8203371835079736
9.026177082922903, -0.4964500862040353
8.439790945329406, -2.4822655815900703
7.518323727965871, -2.9787194554365755
6.890051496733772, -2.9787194554365755
6.261779265501676, -2.6477476811105873
5.633507034269577, -2.6477476811105873
5.005234803037478, -3.4751733292830806
4.376962571805386, -4.302598977455574
3.916230880458304, -4.633563176496622
3.497381448080443, -5.295506725148584
2.7853408642405313, -5.7919605989950895
2.324605338224071, -6.288414472841602
1.7801052942691697, -6.288414472841602
1.0261786167906521, -6.61937867188265
0.35602029191995754, -7.281322220534619
-0.23036584567354268, -8.108740293422173
-0.7748697242978153, -9.101648041115183
-1.6963369416613574, -9.929073689287677
-2.408377525501269, -10.260045463613665
-3.1623042029797865, -11.087463536501211
-3.623035894326865, -12.245860958999693
-4.167539772951143, -13.569732905733751
-4.628271464298223, -15.059094527273274
-4.921466450429662, -16.382981624577212
-5.256543695530318, -18.203307445157776
-5.5497386816617595, -20.189122940543804
-5.842933667793197, -22.836881984581808
-6.052356466647437, -24.98817200420342
-6.219897006532454, -26.973987499589448
-6.429319805386692, -29.12529266978094
-6.680628697879532, -31.111108165166968
-6.931937590372373, -33.427887859594044
-7.09947813025739, -35.579193029785536
-7.267014835473029, -37.73049819997703
-7.3507870227502305, -40.21276756920956
-7.476441468996651, -41.86760371498467
-7.727750361489491, -43.853419210370696
-7.853404807735906, -46.00472438056219
-8.062827606590146, -48.321504074989264
-8.356022592721587, -50.30731957037529
-8.607331485214427, -51.96217086672027
-8.942408730315083, -53.28604281345433
-9.193717622807922, -55.271858308840365
-9.6963354077936, -56.5957454061443
-10.19895319277928, -57.58865315383731
-10.575916531518537, -59.24348929961242
-11.036648222865615, -60.56737639691636
-11.664920454097716, -62.05673801845588
-12.20942433272199, -63.38060996518994
-12.25131042636059, -61.06383027076287
-12.25131042636059, -58.58156090153033
-12.167538239083392, -56.43025573133884
-12.167538239083392, -52.45862474056678
-12.041883792836973, -50.472809245180756
-12.00000153386775, -47.49408600210171
-11.916229346590553, -44.3498730842172
-11.790574900344133, -42.033093389790125
-11.748692641374914, -39.054370146711086
-11.623038195128494, -36.241136578437505
-11.581152101489897, -34.08983140824601
-11.455497655243477, -32.104015912859985
-11.413611561604876, -29.45625686882198
-11.287957115358456, -27.470441373435953
-11.204188762750636, -24.657207805162372
-11.078534316504216, -21.84397423688879
-10.994765963896397, -19.6926690666973
-10.869111517649976, -17.70685357131127
-10.785339330372775, -15.224584202078738
-10.617802625157138, -12.907804507651662
-10.492148178910718, -10.75649933746017
-10.492148178910718, -8.27422996822763
-10.073298746532863, -5.7919605989950895
-9.570680961547183, -1.985811707743565
-9.026177082922906, 0.000003787642469887942
-8.481677038968003, 0.6619397610094921
-7.602095915243071, 1.3238833096614684
-6.9738236840109735, 1.6548475087025167
-6.178010912893857, 1.8203371835079736
-5.507852588023159, 1.6548475087025167
-4.963352544068263, 1.6548475087025167
-4.460734759082584, 1.6548475087025167
-3.8324625278504847, 1.4893654091819855
-3.2041902966183855, 1.1583936348560115
-2.534031971747691, 1.4893654091819855
-1.8219913879077723, 1.4893654091819855
-1.1937191566756766, 0.9929115353354803
-0.439792479197159, 0.9929115353354803
-0.06282914045790378, 0.8274294358149632