x, y
0.2510460090767417, 1.3238833096614684
0.7949803056290499, 2.48227315687501
1.255230045383719, 3.9716347784145256
1.7154797851383847, 4.964542526107536
2.1757333555511487, 5.6264784994745725
2.7615060998441905, 6.122932373321078
3.3891211225360465, 6.453904147647066
3.9330554190883618, 6.784875921973054
4.602508889520948, 7.281329795819559
5.020920181534883, 8.439719643033087
5.564854478087199, 9.101655616400123
5.983261939443043, 9.7635991650521
6.4435155098558, 10.425535138419121
6.903765249610469, 11.087471111786158
7.238491984826762, 12.080378859479168
7.69874555523953, 13.23877628197765
7.991630012056991, 14.893620003037682
8.326360577931386, 17.210407272749705
8.619245034748854, 19.527186967176775
8.912133322224424, 21.843974236888783
9.16317933130117, 24.326243606121324
9.414225340377907, 26.477541201027876
9.623429071055831, 28.46335669641391
9.748952075594211, 30.283690092279414
9.999998084670949, 32.26950558766545
10.209205646006968, 33.92434930872548
10.460251655083713, 35.744682704591
10.585774659622086, 37.73049819997702
10.79497839030001, 39.88179579488357
11.046024399376748, 42.36406516411611
11.255228130054675, 44.34988065950215
11.506274139131413, 46.33569615488817
11.67363942206861, 48.3215116502742
11.96652770954418, 50.14184504613971
12.092050714082553, 51.63120666767922
12.301254444760474, 53.45154006354474
12.552300453837226, 54.77541579792127
12.970711745851155, 56.5957454061443
13.263596202668637, 57.9196249281633
13.807530499220938, 58.747046788693325
14.142257234437238, 59.243500662539844
14.51882624805235, 60.236408410232855
14.979079818465124, 61.229316157925865
15.397487279820965, 61.725770031772356
15.439329558219775, 58.91253267585631
15.439329558219775, 56.92671718047029
15.439329558219775, 54.940901685084256
15.439329558219775, 52.62411441537225
15.31380655368141, 49.97636294661919
15.271964275282585, 46.997639703540145
15.146441270744205, 44.515370334307605
14.979079818465124, 42.198583064595596
14.895395261667474, 39.550831595842524
14.853556813926744, 37.39952642565103
14.81171453552792, 34.58629285737746
14.81171453552792, 32.60047736199142
14.728033809388364, 30.118207992758897
14.644349252590715, 27.139484749679852
14.560668526451174, 25.31915135381435
14.51882624805235, 23.6643076327543
14.393303243513984, 21.18203826352176
14.225941791234874, 18.03782534563726
14.058576508297683, 15.390073876884202
13.933053503759318, 13.23877628197765
13.807530499220938, 11.252960786591615
13.640165216283748, 8.605201742553618
13.514642211745368, 6.784875921973054
13.263596202668637, 4.468088652261031
12.970711745851155, 2.3167910573544788
12.59414273223603, 0.6619397610094921
12.008366157284904, -1.4893578338970457
11.422593412991873, -1.985811707743565
10.836820668698824, -2.4822655815900703
10.33472865054534, -2.6477476811105873
9.623429071055831, -3.6406554288035977
9.079498605161621, -3.4751733292830806
8.57740658700813, -3.3096912297625636
8.158995294994188, -3.3096912297625636
7.656903276840705, -3.3096912297625636
7.1129689802883895, -3.3096912297625636
6.4853539575965335, -2.6477476811105873
5.8577389349046705, -2.316783482069539
4.937239455395336, -3.8061451036090688
4.435147437241852, -4.468081076976091
3.891213140689537, -5.1300170503431275
3.0125521089209357, -6.122924798036138
2.217571803291875, -6.950350446208631
1.338910771523274, -7.115832545729155
0.5020920181534869, -7.943258193901649
-0.5857727442930383, -8.108740293422173
-1.3807530499220952, -8.605194167268678
-2.092048798753499, -9.267137715920647
-2.5523023691662665, -9.598101914961688
-3.1380751134593012, -9.763591589767152
-4.016736145227908, -10.591009662654706
-4.602508889520948, -11.74940708515318
-5.271966190611632, -12.576825158040734
-5.9414234917023165, -13.238768706692703
-6.485353957596532, -14.066186779580256
-6.945607528009294, -14.89362000303769
-7.489537993903506, -16.21749194977175
-8.200837573393018, -18.36879711996324
-8.535564308609308, -20.354612615349268
-8.953975600623247, -22.836881984581808
-9.205021609699992, -24.822697479967836
-9.37238306197909, -27.30496684920037
-9.539748344916287, -29.78723621843291
-9.790794353993032, -31.442072364208016
-10.083682641468595, -33.758867209204965
-10.376567098286069, -36.73759045228401
-10.460251655083713, -38.723405947670045
-10.711297664160458, -40.87469596729165
-10.962343673237203, -43.02600113748314
-11.213389682313949, -45.34278083191022
-11.422593412991871, -47.16312180306066
-11.631797143669791, -49.81086569652878
-11.882843152746533, -51.796681191914814
-12.05020843568373, -54.609929910758275
-12.426777449298845, -56.0992915322978
-12.928869467452337, -58.25058155191941
-13.472803764004647, -60.070922523069854
-13.974895782158136, -61.22930479499845
-14.85355681392674, -63.38060996518994
-15.439329558219775, -64.53900738768841
-15.941421576373266, -65.53191513538144
-16.06694458091164, -63.0496457661489
-16.025104217841864, -59.90543284826439
-15.941421576373266, -57.42316347903186
-15.857740850233716, -54.77540443499386
-15.774058208765119, -51.63120666767923
-15.69037556729652, -47.990539875948215
-15.648535204226746, -43.853419210370696
-15.606694841156973, -41.53663951594362
-15.4811718366186, -39.21985982151655
-15.4811718366186, -36.73759045228401
-15.355648832080227, -34.75177495689798
-15.230125827541858, -32.26950558766544
-15.06276054460466, -29.621746543627445
-14.979079818465113, -27.139477174394912
-14.85355681392674, -24.657207805162372
-14.728033809388371, -21.84397423688879
-14.560668526451174, -19.527179391891835
-14.393303243513976, -16.879435498423717
-14.225941791234881, -13.073279031887246
-14.100418786696508, -10.0945557888082
-13.849372777619763, -8.27422996822763
-13.765688220822117, -5.626470924189633
-13.472803764004647, -4.137109302650117
-13.221757754927902, -1.3238757343765286
-12.635981179976767, 0.330975561968458
-12.217573718620923, 1.6548475087025167
-11.422593412991871, 2.151301382549022
-10.794978390300006, 2.3167910573544788
-9.790794353993032, 2.3167910573544788
-9.07949860516162, 2.3167910573544788
-8.24267602113374, 2.151301382549022
-7.824268559777897, 1.9858192830285049
-7.112968980288391, 2.3167910573544788
-6.485353957596532, 2.3167910573544788
-5.815900487163944, 2.151301382549022
-5.313808469010455, 2.151301382549022
-4.686193446318596, 1.8203371835079736
-4.22593987590583, 1.9858192830285049
-3.5983248532139704, 1.9858192830285049
-2.8870291043825596, 2.151301382549022
-2.343094807830248, 2.151301382549022
-1.5481183328592891, 2.151301382549022
-0.9205033101674296, 2.151301382549022
-0.16736528293719743, 1.8203371835079736