x, y
0.0039071347678369395, 0.5794947994056479
0.009682899207248019, 0.86924219910847
0.015118912797282003, 1.292719167904906
0.020554926387315986, 1.7607726597325417
0.023782559456398622, 2.2065378900445793
0.026670441676104162, 2.6523031203566134
0.029898074745186853, 3.1203566121842528
0.03414496036240089, 3.566121842496287
0.03788221970554928, 4.07875185735513
0.042129105322763316, 4.546805349182762
0.04535673839184595, 5.34918276374443
0.04875424688561719, 6.240713224368498
0.05198187995469988, 6.775631500742946
0.055209513023782575, 7.355126300148591
0.05894677236693091, 7.734026745913823
0.05843714609286521, 6.998514115898963
0.05741789354473387, 6.3521545319465105
0.05588901472253682, 5.772659732540866
0.05453001132502833, 5.148588410104011
0.05300113250283123, 4.47994056463596
0.05062287655719139, 3.8781575037147107
0.04671574178935445, 3.254086181277863
0.04382785956964891, 2.7860326894502236
0.038731596828992076, 1.961367013372957
0.038731596828992076, 1.961367013372957
0.034994337485843685, 1.4710252600297196
0.03074745186862965, 1.1812778603268939
0.026330690826727066, 0.8246656760772666
0.021913929784824426, 0.6686478454680547
0.017497168742921843, 0.44576523031203763
0.013080407701019259, 0.267459138187224
0.008833522083805223, 0.11144130757800852
0.0039071347678369395, 0.022288261515601704
-0.0016987542468856476, -0.04457652303120341
-0.0062853907134767795, -0.13372956909361022
-0.011211778029445063, -0.24517087667161874
-0.016138165345413347, -0.4234769687964324
-0.02157417893544733, -0.7355126300148598
-0.02480181200453002, -1.1589895988112922
-0.029048697621744057, -1.7161961367013348
-0.033635334088335245, -2.340267459138186
-0.03686296715741788, -2.7191679049034185
-0.041619479048697616, -3.4546805349182748
-0.041619479048697616, -3.4546805349182748
-0.044507361268403156, -3.9004457652303124
-0.04688561721404305, -4.479940564635957
-0.04977349943374859, -5.014858841010401
-0.05164212910532276, -5.572065378900444
-0.05334088335220838, -6.151560178306092
-0.055209513023782575, -5.304606240713223
-0.05317100792751983, -4.591381872213965
-0.05079275198187996, -4.056463595839524
-0.048584371460928644, -3.499257057949478
-0.0470554926387316, -2.8751857355126305
-0.045016987542468856, -2.2288261515601775
-0.04382785956964891, -1.5378900445765211
-0.041619479048697616, -0.8915304606240717
-0.038901472253680625, -0.4234769687964324
-0.03465458663646659, -0.15601783060921193
-0.029558323895809757, -0.022288261515601704
-0.02446206115515287, 0.022288261515601704
-0.019535673839184586, 0.13372956909361022
-0.014269535673839207, 0.2897473997028257
-0.009682899207248019, 0.4234769687964359
-0.0056058890147225315, 0.5126300148588427
-0.0003397508493771517, 0.6240713224368513
0.0039071347678369395, 0.5794947994056479
