x, y
0.012570781426953559, 1.025260029717682
0.018006795016987542, 1.3818722139673127
0.022763306908267278, 1.6493313521545332
0.027519818799547013, 2.184249628528974
0.030917327293318198, 2.719167904903415
0.03431483578708944, 3.4323922734026766
0.038391845979614925, 4.056463595839524
0.041109852774631916, 4.680534918276372
0.044507361268403156, 5.21545319465082
0.04722536806342015, 5.750371471025261
0.04994337485843714, 6.463595839524515
0.05266138165345413, 6.998514115898963
0.05673839184597962, 7.533432392273404
0.0621744054360136, 8.692421991084693
0.06557191392978479, 9.138187221396734
0.06896942242355603, 9.673105497771175
0.07236693091732727, 10.208023774145616
0.0757644394110985, 10.65378900445765
0.07916194790486974, 11.277860326894505
0.08187995469988674, 11.901931649331353
0.08527746319365798, 12.436849925705793
0.09207248018120046, 13.417533432392275
0.09479048697621745, 13.86329866270431
0.10022650056625138, 14.487369985141157
0.10158550396375987, 13.684992570579496
0.10022650056625138, 12.882615156017835
0.10022650056625138, 12.169390787518573
0.09954699886749718, 11.456166419019318
0.09886749716874293, 10.83209509658247
0.09812827364099658, 10.189653371099553
0.09741492957248016, 9.534524858086463
0.09670166845094846, 8.879396345073367
0.09527498031391562, 8.364652319082005
0.09420504715812572, 7.803111650260028
0.09384837512386751, 7.147983137246939
0.09206509789956113, 6.539648546329403
0.0909950817967865, 5.837723390485699
0.08778511643544734, 4.901825903429142
0.08778511643544734, 4.901825903429142
0.08707185531391559, 4.199900747585438
0.08528857808960927, 3.731950643689636
0.0820786127282701, 2.6556686696113516
0.0820786127282701, 2.6556686696113516
0.07993866346970552, 2.1877185657155493
0.07601543698683466, 1.7197684618197435
0.07173553846970554, 1.2518183579239412
0.06674229588406, 1.0646399488066507
0.06210572533267272, 0.783868254028139
0.0561310540239241, 0.6062205797850133
0.04956828859357304, 0.44063392401096024
0.04376282913363533, 0.3412808422525089
0.03543312703496604, 0.2419277604940575
0.029375259900552064, 0.14257739947065318
0.023317392766138145, 0.0101048099693557
0.014987690667468856, -0.056128764046246005
0.009939454230959766, -0.02301197703844693
0.004386402445498316, -0.02301197703844693
-0.0011667322869479135, -0.15548184580469737
-0.006467376397933211, -0.15548184580469737
-0.011263246633458401, -0.15548184580469737
-0.016563932217936006, -0.38730479632940273
-0.021864576328921304, -0.8509479766437593
-0.026660446564446494, -1.4139469594516143
-0.03170872447444789, -1.9107096475088206
-0.036504553236480775, -2.407472335566027
-0.039785935951656304, -3.1691747611557375
-0.04357213401578425, -3.831524104986997
-0.04685351673095978, -4.394523087794855
-0.050639714795087776, -5.056872431626115
-0.05417350518473954, -6.083514594748326
-0.05745488789991507, -6.7127498723068335
-0.06098863681607447, -7.308862921387444
-0.06427001953125, -8.070565346977155
-0.0675513607729332, -8.699800624535662
-0.07234723100845838, -9.395264034639673
-0.07815273194188846, -10.090732886213782
-0.08320100985188986, -10.81931852479569
-0.08673475876804926, -11.382314786868498
-0.08925891845979614, -12.077783638442607
-0.09153062900357448, -12.475190524006315
-0.09329752419840034, -11.779727113902304
-0.0927927088494479, -10.984902459834696
-0.09127822132909824, -10.090732886213782
-0.09102581365462203, -9.329030460624072
-0.09001614148322482, -8.633561609049963
-0.08875410311084372, -7.938092757475854
-0.08749202326497027, -7.341979708395243
-0.08622994341909684, -6.778983446322435
-0.08547272039566817, -6.182870397241828
-0.08446308969776331, -5.520518332675518
-0.0839582328753185, -4.95752207060271
-0.08219133768049264, -4.328286793044203
-0.08092929930811155, -3.6328206622051447
-0.07966721946223812, -3.069821679397286
-0.07790032426741222, -2.506825417324478
-0.07537616457566534, -1.8113565657503692
-0.07360931085433184, -1.1821267296619595
-0.07108515116258493, -0.6853640416047533
-0.0675513607729332, -0.28795171457095137
-0.06300793968537657, 0.14257739947065318
-0.058464518597819926, 0.2419277604940575
-0.05190175316746887, 0.37439762926030795
-0.04584388603305495, 0.37439762926030795
-0.040543158975084925, 0.37439762926030795
-0.03549492253857589, 0.4075171370031576
-0.030699093776543063, 0.44063392401096024
-0.025650774393049247, 0.44063392401096024
-0.01934049958415912, 0.4737507110187593
-0.015049444697586345, 0.506867498026562
-0.010758431284505932, 0.6062205797850133
-0.00520533802555212, 0.672456874535662
-0.0001571015890430294, 0.7386904485512638
0.004638727172989798, 0.7718072355590664
0.008677415858578674, 0.8711603173175142
0.012570781426953559, 1.025260029717682
