x, y
0.008308633564552637, 0.450080316098628
0.012710464149207235, 0.9507227723346965
0.017365034196276885, 1.1033995403046077
0.0212438840423273, 1.256076308274519
0.025122733888377657, 1.306967657352807
0.02938944383493769, 1.4087503555093797
0.033268293680988104, 1.5105330536659558
0.03714714352703852, 1.561427123479291
0.042189656621602456, 1.612318472557579
0.04645636656816249, 1.917669287762351
0.0503352164142129, 1.968560636840639
0.054214066260263316, 2.1721287538888348
0.05848077620682329, 2.273911452045411
0.06197176595236409, 2.5792622672501864
0.06507489559739521, 2.986398501346585
0.06817794229544166, 3.444423363786221
0.07205679214149208, 3.8515595978826127
0.07554778188703282, 4.309587181057303
0.07748716533656569, 4.767612043496939
0.07903868868558889, 5.378313673906483
0.08175387528312572, 5.938123955237742
0.08330548157913364, 6.650611004538909
0.08602066817667042, 7.26131263494846
0.08757219152569362, 7.719340218123143
0.08834791172671291, 8.279150499454403
0.09028737812323046, 8.788069431707378
0.09222676157276327, 9.551445109351782
0.09455408806979049, 10.16214946049638
0.09688141456681765, 10.772851090905924
0.09882079801635052, 11.485335419472051
0.10076026441286806, 12.04514570080331
0.10231178776189126, 12.604958702869617
0.10347545101040484, 13.164768984200876
0.10619063760794167, 13.724579265532135
0.10813002105747449, 14.589740362068163
0.1104573475545017, 15.200441992477714
0.11239681395101925, 15.86203497196555
0.11472414044804641, 16.42184525329681
0.1186029073471121, 16.879872836471492
0.12403328054218571, 17.287007710200363
0.12868793353624008, 17.897709340609907
0.13334258653029446, 18.355736923784598
0.13605777312783124, 18.711979088067658
0.1395486799263873, 19.017329903272426
0.14575485626946488, 19.67892424312779
0.14575485626946488, 19.67892424312779
0.1445911930209513, 18.915547205115857
0.1445911930209513, 18.152168806736398
0.14420333292044168, 17.541467176326847
0.14420333292044168, 16.981656894995588
0.14187600642341447, 16.218279856983656
0.14110028622239523, 15.607575505839058
0.14110028622239523, 14.996873875429515
0.14032448307439127, 14.284389546863395
0.1395486799263873, 13.57190249756222
0.13877295972536807, 12.401390585821417
0.1379971565773641, 10.976419207954123
0.1372213534293601, 10.365714856809532
0.13528196997982728, 9.755013226399981
0.13373044663080408, 9.093420246912146
0.13101526003326724, 8.075582382406203
0.13101526003326724, 8.075582382406203
0.12946365373725932, 7.515772101074944
0.1275242702877265, 6.803287772508824
0.12636060703921287, 6.0399093741293655
0.12480908369018967, 5.174748277593331
0.12286970024065685, 4.3604785301355875
0.12131809394464893, 3.6479914808344205
0.11976657059562568, 3.088181199503161
0.11652840325948471, 2.6384328130804278
0.1110980300644111, 2.129513880827453
0.10527979676882787, 1.6714862976527698
0.0990736204257503, 1.4170268315262824
0.09247958398216305, 1.1116760163215105
0.08704921078708944, 1.0607819465081718
0.0800672312960079, 0.9081078992733111
0.07347327779940543, 0.9081078992733111
0.06726710145632786, 0.806325201116735
0.057957878415203834, 0.6027570840685357
0.051363759024631916, 0.6027570840685357
0.04283033913151191, 0.6536484331468237
0.03623630268792466, 0.6536484331468237
0.030417986445356704, 0.6536484331468237
0.023436089901259893, 0.6536484331468237
0.017617856605676663, 0.450080316098628
0.013739006759626249, 0.450080316098628
0.008308633564552637, 0.450080316098628
0.0032661204699886426, 0.450080316098628
-0.0013885325240656776, 0.34829761794205183
-0.00565524247062571, 0.24651491978547568
-0.011085615665699322, 0.24651491978547568
-0.017679652109286514, 0.09383815181556443
-0.02272216520385051, -0.058835895419296236
-0.02815253839892412, -0.16062131431091942
-0.03358291159399773, -0.31329536154578363
-0.03901332626256371, -0.4150807804374068
-0.04289213463512176, -0.516863478593983
-0.04793464772968575, -0.7204315956421787
-0.05142563747522649, -0.9748910617686661
-0.054528684173272945, -1.3820245751300142
-0.05801967391881371, -1.9418348564612735
-0.0618985237648641, -2.501645137792533
-0.0646137103624009, -3.2141321870937034
-0.06732889695993771, -3.7230511193466747
-0.07004408355747452, -4.282861400677934
-0.07198350848049972, -4.842671682009193
-0.0739229334035249, -5.453373312418741
-0.0774139231490657, -6.0640722220932375
-0.07974120817260053, -6.6747792939728825
-0.08051696984711212, -7.336374994195765
-0.08323215644464893, -7.947071183135215
-0.08594734304218574, -8.761343651328009
-0.08788680943870328, -9.372045281737556
-0.08982619288823612, -10.03363554049034
-0.0902140944622381, -10.593448542556647
-0.09331718263377689, -11.255044242779533
-0.0944808458822905, -11.763963175032504
-0.09486870598280012, -12.374664805442048
-0.09642022933182334, -12.985366435851596
-0.09991121907736411, -13.646956694604384
-0.10301426577541054, -14.155875626857355
-0.10572945237294734, -14.664794559110327
-0.10766891876946488, -15.122824863020059
-0.11115986704151332, -15.52995565564636
-0.11387505363905012, -16.140662727526003
-0.11697814181058891, -16.649581659778974
-0.1216327533311509, -17.412954616688335
-0.1255116031772013, -17.972767618754645
-0.1293904530232517, -18.481686551007613
-0.13249354119479048, -18.78703464547734
-0.13239043809279444, -17.709215456096768
-0.13239043809279444, -17.004185941562966
-0.13239043809279444, -16.017141356333582
-0.13077836344493204, -14.466072071183135
-0.1302410328779728, -13.549527172525075
-0.12970361936402888, -12.773992529949851
-0.12916628879706965, -12.209967830028788
-0.12701688358224802, -11.434433187453564
-0.12701688358224802, -10.729403672919762
-0.12486743689393404, -9.953863588874441
-0.12486743689393404, -9.248834074340639
-0.12325536224607164, -8.684809374419576
-0.12218065963866082, -8.191284361069837
-0.12056858499079842, -7.274744903881871
-0.11949384090989523, -6.499210261306647
-0.11788176626203284, -5.582668083383638
-0.11680706365462204, -4.877635848114785
-0.11358295583238959, -4.0315987982331905
-0.11358295583238959, -3.1855590276165486
-0.1119708811845272, -2.5510319203891143
-0.1098214344962132, -1.8459996851202618
-0.10874673188880238, -1.2819722644641516
-0.1044478385121744, -0.6474451572367208
-0.09853695343466876, -0.012915329274235887
-0.09423806005804078, 0.4806069633404526
-0.08671505885918035, 0.8331217206073553
-0.08134146287514157, 1.115134070567887
-0.07435583371673274, 1.0446316632615158
-0.06790757659877547, 0.9741292559551447
-0.06360868322214752, 1.0446316632615158
-0.059847203359463474, 1.115134070567887
-0.0544736073754247, 1.115134070567887
-0.049100052864878285, 1.115134070567887
-0.045338531528701875, 1.115134070567887
-0.04103967962556626, 1.115134070567887
-0.03620349715547139, 1.1856391986093051
-0.03082990117143264, 1.1856391986093051
-0.02491897462043463, 1.1856391986093051
-0.016858601381122607, 1.115134070567887
-0.011485046870576165, 1.115134070567887
-0.006648822926988984, 1.115134070567887
-0.00020052433553935378, 1.115134070567887
0.004635658134555465, 1.115134070567887
0.009471882078142702, 1.2561416059156763
0.008308633564552637, 0.450080316098628
