x, y
0.014953184721828994, 1.0060951720375186
0.021678775083168178, 1.1715485117942066
0.026092467086636484, 1.3645792220003727
0.032607869788717436, 1.4748832623281949
0.03786222948223383, 1.585187302656017
0.04269629680421855, 1.7230632719632268
0.04732009351996036, 1.833367312291049
0.05236426555421858, 1.9712432815982552
0.058039000566251386, 2.1366993420899902
0.06329336025976784, 2.2194260119683307
0.06854780290026896, 2.3573047020105875
0.07233093192596263, 2.4951833920528443
0.07821585459725366, 2.8260927923012673
0.08283965131299548, 3.2397261416929766
0.08746353097572196, 3.5706355419413995
0.09313826598775482, 4.0669982819465105
0.09523997668636747, 4.646087691829962
0.09839262568127122, 5.197599731263928
0.10238594236622311, 5.831841161311296
0.10448765306483576, 6.245479952173106
0.10743011440048128, 6.934870681649329
0.11100313871390144, 7.651838781575037
0.1143658924210787, 8.230928191458489
0.11789337883989237, 8.88704705202916
0.12030390116258494, 9.589856446763562
0.12271434053829272, 10.08182519966568
0.12539269867461778, 10.714355287367667
0.1272675493700453, 11.346885375069654
0.1296779887457531, 12.049694769804049
0.1318206752548131, 12.647086564357359
0.13342769013660816, 13.279613931324299
0.13476678625778593, 13.877005725877602
0.13717730858047844, 14.509533092844542
0.13824865183500845, 15.142063180546529
0.1398556667168035, 15.739452254364785
0.1417304344652463, 16.371982342066772
0.14387312097430632, 17.00451242976876
0.14574797166973386, 17.67218217098695
0.14708706779091163, 18.269571244805213
0.15003326174086917, 18.9021013325072
0.15324720855747448, 19.429209738925522
0.1553898950665345, 20.026598812743778
0.15940734932403733, 20.58884823304583
0.1642283939694224, 20.905113276896827
0.16985286310872028, 21.361939655547687
0.1752094964343856, 21.818766034198553
0.17895911487825594, 22.24045275933321
0.18351232371000847, 22.556719163551726
0.1877976137811438, 22.837841833151472
0.19181506803864662, 23.15410823736999
0.19556476942950168, 23.43523090696973
0.19931438787337202, 23.505512934737183
0.20413534957177232, 23.43523090696973
0.20788505096262738, 23.189247890886193
0.21190250522013027, 22.837841833151472
0.21886615342759058, 23.400091253453525
0.21886615342759058, 23.400091253453525
0.21859831761395804, 22.837841833151472
0.21859831761395804, 22.13503243841707
0.2183304818003256, 21.43222032294762
0.2183304818003256, 20.7294095678457
0.21725913854579554, 20.06173982662751
0.21645563110489802, 19.358929071525587
0.21618779529126558, 18.620977302539934
0.21534463919167607, 17.953307561321743
0.21454113175077855, 17.320777473619756
0.21400546012351357, 16.617966718517835
0.21320195268261605, 15.950295616932117
0.21186285656143827, 15.212345208313984
0.2107915133069082, 14.474392078960811
0.20918449842511327, 13.841864711993871
0.20918449842511327, 13.174193610408153
0.2073096477296857, 12.43624048105498
0.2067739761024207, 11.838854127971771
0.2051670441676104, 11.136042012502323
0.20436353672671287, 10.433229897032874
0.20275652184491783, 9.695279488414748
0.2011495069631229, 9.062749400712761
0.20007824665557755, 8.465360326894505
0.19847123177378256, 7.9031122669599725
0.19713205270562, 7.305723193141716
0.19606070945109, 6.6029110776722675
0.194453694569295, 6.040663017737742
0.1928467626344847, 5.548694264835625
0.19177541937995468, 4.9864462049011
0.18990056868452715, 4.494477451998982
0.18775796512245185, 4.0376524337156425
0.18561527861339183, 3.4754043737811102
0.1826690846634343, 3.1239969556788623
0.1802586452877265, 2.7023102305442066
0.17731245133776896, 2.245485212260867
0.1738306687075311, 1.9643598219260774
0.1700809673166761, 1.7183754454750186
0.16552784143190824, 1.4372527758752796
0.1607068797335079, 1.0858453577730316
0.15642158966237257, 0.945284022973162
0.15160054501698755, 0.7695816742895616
0.14651174750495466, 0.6641586326383724
0.14249429324745183, 0.5587383117222338
0.13183038005202435, 0.42712547449619365
0.1239176524454983, 0.42712547449619365
0.11776331796786521, 0.42712547449619365
0.11116936447126274, 0.36944861220746716
0.10633372115656853, 0.36944861220746716
0.09666260042114949, 0.2540948876300142
0.09666260042114949, 0.2540948876300142
0.0927061951443941, 0.2540948876300142
0.08787071772366928, 0.3117717499187407
0.08303507440897506, 0.36944861220746716
0.07775997796928086, 0.48480233678492013
0.07204517956363249, 0.0810643007638383
0.06589076213901474, 0.02338743847511182
0.058857189623442774, 0.02338743847511182
0.05314247416477913, -0.09196628610234114
0.047427758706115486, -0.03428942381361466
0.039954567171574196, -0.09196628610234114
0.03467938778489521, -0.14964042765601704
0.028085434288292743, -0.14964042765601704
0.020612325700736123, -0.26499415223347
0.015337063367072468, -0.32267101452219293
0.009182728889439384, -0.32267101452219293
0.0034680134307757404, -0.32267101452219293
-0.005323952213689143, -0.6110553259658253
-0.011038750619337512, -0.6687321882545483
-0.018072281661417056, -0.7840859128320012
-0.0242266576125425, -0.8994396374094542
-0.02950183699922143, -1.07247022427563
-0.034776974912408, -1.07247022427563
-0.040491731844564005, -1.3031776734305325
-0.046206530250212374, -1.360851814984212
-0.051481709636891276, -1.4185286772729384
-0.055438031966661944, -1.5915592641391143
-0.06379037859215742, -1.7645898510052938
-0.06818640288788222, -2.0529741624489226
-0.07302196325559174, -2.283681611603825
-0.07653874951337769, -2.7450937891785827
-0.08052095130237827, -3.432392273402673
-0.08459796149490373, -4.056463595839524
-0.08799546998867497, -4.858841010401189
-0.0927519818799547, -5.482912332838037
-0.09750849377123444, -6.196136701337295
-0.10090600226500565, -6.909361069836553
-0.1029445073612684, -7.444279346210994
-0.10566251415628539, -8.068350668647845
-0.10838052095130238, -8.692421991084696
-0.10973952434881087, -9.316493313521544
-0.11245753114382787, -9.940564635958395
-0.11449603624009061, -10.475482912332836
-0.11653454133635335, -11.277860326894501
-0.11789354473386182, -11.901931649331353
-0.11993204983012457, -12.615156017830607
-0.12265005662514156, -13.328380386329865
-0.1246885617214043, -14.219910846953937
-0.12672706681766704, -14.933135215453195
-0.12808607021517554, -15.557206537890044
-0.13080407701019253, -16.181277860326894
-0.13080407701019253, -16.894502228826152
-0.13352208380520952, -17.518573551263003
-0.13963759909399773, -19.47994056463596
-0.1450736126840317, -20.460624071322435
-0.14711211778029445, -20.63893016344725
-0.14711211778029445, -20.63893016344725
-0.15118912797281994, -21.084695393759286
-0.15594563986409965, -21.708766716196138
-0.15866364665911664, -22.065378900445765
-0.16274065685164213, -22.5111441307578
-0.16613816534541337, -22.86775631500743
-0.17021517553793883, -23.13521545319465
-0.17497168742921856, -23.580980683506688
-0.18176670441676104, -24.026745913818722
-0.18516421291053226, -24.38335809806835
-0.1912797281993205, -24.38335809806835
-0.19535673839184597, -24.561664190193163
-0.19671574178935447, -24.026745913818722
-0.19739524348810872, -23.49182763744428
-0.19875424688561721, -22.778603268945023
-0.19943374858437146, -22.065378900445765
-0.19943374858437146, -21.530460624071324
-0.19943374858437146, -20.817236255572062
-0.19943374858437146, -19.925705794947994
-0.19875424688561721, -19.12332838038633
-0.19875424688561721, -18.499257057949478
-0.19875424688561721, -17.87518573551263
-0.19875424688561721, -17.161961367013372
-0.19875424688561721, -16.2704309063893
-0.19671574178935447, -13.774145616641903
-0.19399773499433748, -12.169390787518573
-0.19263873159682898, -11.545319465081722
-0.1912797281993205, -10.74294205052006
-0.1912797281993205, -10.029717682020802
-0.18924122310305774, -9.405646359583951
-0.18788221970554925, -8.781575037147103
-0.18652321630804075, -8.157503714710252
-0.18652321630804075, -7.1768202080237735
-0.1858437146092865, -6.552748885586922
-0.184484711211778, -5.9286775631500745
-0.1824462061155153, -5.12630014858841
-0.1797281993204983, -4.323922734026745
-0.1783691959229898, -3.789004457652304
-0.1770101925254813, -3.1649331352154526
-0.17361268403171007, -2.5408618127786013
-0.17089467723669308, -1.9167904903417536
-0.17021517553793883, -1.3818722139673092
-0.16613816534541337, -0.7578008915304615
-0.16274065685164213, -0.13372956909361022
-0.1566251415628539, 0.3120356612184274
-0.1491506228765572, 0.6686478454680547
-0.14439411098527746, 0.9361069836552751
-0.13759909399773498, 1.025260029717682
-0.13148357870894678, 1.1144130757800887
-0.1260475651189128, 1.292719167904906
-0.11993204983012457, 1.292719167904906
-0.11313703284258211, 1.292719167904906
-0.10838052095130238, 1.2035661218424956
-0.1015855039637599, 1.1144130757800887
-0.09614949037372594, 1.1144130757800887
-0.08799546998867497, 1.1144130757800887
-0.08527746319365798, 1.1144130757800887
-0.08187995469988676, 1.1144130757800887
-0.08187995469988676, 1.1144130757800887
-0.07780294450736128, 1.1144130757800887
-0.07168742921857305, 1.1144130757800887
-0.06693091732729331, 1.1144130757800887
-0.061494903737259354, 1.1144130757800887
-0.05537938844847112, 1.025260029717682
-0.04926387315968289, 1.1144130757800887
-0.044507361268403156, 1.2035661218424956
-0.03907134767836923, 1.2035661218424956
-0.032955832389581, 1.2035661218424956
-0.026160815402038518, 1.2035661218424956
-0.019365798414496038, 1.1144130757800887
-0.013250283125707807, 1.1144130757800887
-0.00577576443941108, 1.025260029717682
-0.0003397508493771517, 1.025260029717682
0.003737259343148336, 1.025260029717682
0.009852774631936567, 0.9361069836552751
0.009852774631936567, 0.9361069836552751
0.014953184721828994, 1.0060951720375186
