x, y
0.003737259343148336, 3.0757800891530493
0.010498516907913369, 3.071097704134935
0.017353338671432628, 3.071097704134935
0.023555367665274607, 3.071097704134935
0.03041027237577859, 3.071097704134935
0.034327277834796166, 3.1995789753203923
0.03987651405896092, 3.1995789753203923
0.04673133582248018, 3.1995789753203923
0.052933364816322215, 3.2424060657155493
0.05978818657984142, 3.3280629672408963
0.06631661195852206, 3.4137171480312034
0.07545645725686578, 3.4993740495565575
0.08296415473704699, 3.8419962141878727
0.09243039642022932, 4.098961477293834
0.09797954969740941, 4.227445469214338
0.10320230658975083, 4.270272559609495
0.10809858415026896, 4.441583641925149
0.11299494465777177, 4.570064913110606
0.1178912222182899, 4.65572181463596
0.12180831062429215, 4.827032896951614
0.12605179541513306, 4.998341258532228
0.13029528020597392, 5.298136332768387
0.13519164071347678, 5.597931407004552
0.1391086461724943, 5.983380662031017
0.1433521309633352, 6.411657007452639
0.1466163436526755, 6.8399333528742545
0.15412404113285672, 7.653658953322342
0.15412404113285672, 7.653658953322342
0.15804112953885896, 8.167592200269318
0.16065246651153736, 8.68152272648124
0.1629374070993771, 9.10980179263791
0.16587522340387878, 9.538078138059532
0.16913943609321913, 9.923527393085998
0.17207725239772081, 10.565941911218424
0.1746886723173839, 11.0798751581654
0.1776264056749009, 11.550978593982173
0.18154349408090314, 12.321877104035103
0.1848077067702435, 12.792980539851875
0.18774552307474518, 13.349743597929049
0.19068333937924686, 13.992158116061482
0.1939474691216025, 14.548918453403601
0.1959060133246036, 15.234160061931185
0.19753816114276612, 15.919401670458768
0.20080237383210647, 16.733129991641903
0.20406658652144677, 17.161406337063525
0.20635152710928656, 17.675338223642974
0.2092893434137882, 18.232098560985094
0.21059501190012736, 18.746030447564543
0.21255355610312848, 19.259962334143992
0.21516489307580694, 20.073689294959607
0.21516489307580694, 20.073689294959607
0.21777631299547, 20.54479273077638
0.22038764996814836, 21.05872597772335
0.22397825904232732, 21.658313405460625
0.22854822316499152, 22.172245292040074
0.23279170795583232, 22.55769454706654
0.23703519274667323, 23.07162643364599
0.24258434602385331, 23.328593057119477
0.24748062358437145, 23.542731229830288
0.2517241913221971, 23.714042312145942
0.25629407249787656, 23.842524943698926
0.2611903500583947, 23.928180484856753
0.2657603141810589, 24.099491567172407
0.2709829881264156, 24.356458190645895
0.27457368014757927, 24.527769272961557
0.2794699577080974, 24.656250544147014
0.28436631821560016, 24.913218527988022
0.2882834066216025, 25.127356700698833
0.28893619939127974, 24.527769272961557
0.289262678723103, 23.928180484856753
0.289262678723103, 23.328593057119477
0.289262678723103, 22.643350088224373
0.28860980300644107, 22.086589750882247
0.28860980300644107, 21.48700232314497
0.2879569272897791, 20.80175935424986
0.2869776551882786, 20.073689294959607
0.2869776551882786, 19.388446326064496
0.2863248624186014, 18.7888575379597
0.2853455903171008, 18.232098560985094
0.2846927146004388, 17.718165314038124
0.2840398388837769, 17.07575079590569
0.2817549812429218, 15.833747489668461
0.2797964370399207, 15.191332971536035
0.2784906856065968, 14.463261551878254
0.27816428922175823, 13.692363041825317
0.2771850171202576, 13.13560270448319
0.2762057450187571, 12.621672178271268
0.2749000765324178, 11.979254939403788
0.2739208044309173, 11.379667511666511
0.2722887395597395, 10.822907174324385
0.27163586384307753, 10.308976648112463
0.27033019535673836, 9.66655940924499
0.26902444392341446, 9.066971981507706
0.2667395862825594, 8.42455746337528
0.2657603141810589, 7.867797126033153
0.2641281663628963, 7.311036788691027
0.2621696221598952, 6.6686222705586005
0.2602110779568941, 6.154689023611631
0.2582526167008777, 5.597931407004552
0.2566204688827151, 4.998341258532228
0.254661924679714, 4.527237822715456
0.25205058770703564, 4.056134386898684
0.24976564711919585, 3.4993740495565575
0.24748062358437145, 3.071097704134935
0.24421649384201588, 2.68564844910847
0.2406258018208522, 2.2573693829518007
0.23605592064517272, 1.914749939055536
0.2318124358543318, 1.6577819552145243
0.2275689510634909, 1.4436437825037167
0.22365186265748865, 1.2295056097929056
0.21940837786664774, 1.1010216178724015
0.21516489307580694, 0.9297132562917909
0.21092140828496603, 0.8012292643712868
0.2060251307244479, 0.7155723628459327
0.20047589450028308, 0.6299181820556292
0.19623249265642695, 0.6299181820556292
0.19198900786558604, 0.6299181820556292
0.18741904374292184, 0.6299181820556292
0.18317564189906566, 0.6727452724507792
0.17860567777640146, 0.5870910916604757
0.1746886723173839, 0.5870910916604757
0.1701187081947197, 0.5870910916604757
0.16391667920087766, 0.5442640012653257
0.15902040164035958, 0.41578000934481807
0.15249197626167893, 0.33012582855451456
0.14824849147083802, 0.287296017424314
0.14400500667999716, 0.20164183663401047
0.13943504255733297, 0.15881474623885694
0.13486516138165344, 0.11598493510865637
0.12931600810447336, 0.07315784471350284
0.12376685482729333, 0.11598493510865637
0.11952337003645241, 0.11598493510865637
0.11234206894110982, 0.03033075431835286
0.11234206894110982, 0.03033075431835286
0.10679291566392979, 0.03033075431835286
0.10222303448825026, -0.05532342647195421
0.09797954969740941, -0.05532342647195421
0.09275679280506793, -0.14098032799730476
0.08851330801422708, -0.22663450878761182
0.08394342683854755, -0.2694643199178124
0.07937346271588336, -0.31229141031296237
0.07480358154020383, -0.31229141031296237
0.0686015525463618, -0.31229141031296237
0.06435806775552094, -0.4407726814984194
0.057503245992001684, -0.48360249262862
0.0519540927148216, -0.612083763814077
0.04592509113108717, -0.7300738806533253
0.03972306213724519, -0.7729036917835259
0.034173908860065105, -0.901384962968983
0.02862467263590035, -1.029868954889487
0.024381270792044163, -1.029868954889487
0.01981130666937997, -1.0726960452846406
0.014262153392199883, -1.2440071276002946
0.009365792884697022, -1.3296613083906017
0.005122308093856165, -1.3296613083906017
0.0008788647765076152, -1.4153182099159523
-0.004343892115833803, -1.4581453003111058
-0.008913773291513327, -1.5009723907062593
-0.014136530183854745, -1.5866292922316099
-0.01935928707619622, -1.5866292922316099
-0.027519818799547013, -1.7579403745472675
-0.027519818799547013, -1.7579403745472675
-0.03403074236445358, -1.943304053387351
-0.040851265549794735, -1.9992342037750745
-0.04724552418070499, -2.0551616334277476
-0.05363974133812288, -2.0551616334277476
-0.059181429386678946, -1.943304053387351
-0.06344424082495753, -1.943304053387351
-0.0711173345926529, -1.9992342037750745
-0.07580641058536242, -2.167021934203195
-0.080069222023641, -2.167021934203195
-0.08603717462662797, -2.2788822349786386
-0.09243143325753822, -2.3348123853663623
-0.09882565041495611, -2.446669965406759
-0.10351476788115799, -2.7263207173453736
-0.10948272048414495, -2.894108447773494
-0.11587693764156284, -3.117829049324385
-0.1244026019916124, -3.341546930140229
-0.12994429004016847, -3.5093373813034
-0.13548593661523217, -4.012706014057855
-0.13932248349907983, -4.348284195649146
-0.14145388921821914, -4.795722678015881
-0.14443786551971263, -5.131300859607169
-0.14870071843148358, -6.026177824340639
-0.14870071843148358, -6.026177824340639
-0.15168465325948471, -6.585473886747771
-0.15509493558890147, -7.032915089849553
-0.15893148247274916, -7.480350851481241
-0.16234172332867355, -7.983719484235699
-0.16532569963016705, -8.543015546642831
-0.1691622465140147, -9.214171909825406
-0.17342505795229332, -9.885328273007985
-0.17640907572727915, -10.444629776885215
-0.17896674600084939, -10.947998409639673
-0.18195072230234285, -11.507294472046805
-0.18493469860383635, -11.954730233678493
-0.1883449809332531, -12.625886596861069
-0.19218148634360843, -13.352975831166418
-0.1955917686730252, -13.91227189357355
-0.19942831555687288, -14.47157339745078
-0.20351075877689695, -15.022288261515602
-0.20622876557191394, -15.468053491827638
-0.21098527746319365, -16.2704309063893
-0.21098527746319365, -16.2704309063893
-0.21506228765571914, -16.53789004457652
-0.2191392978482446, -16.98365527488856
-0.22117780294450734, -17.429420505200596
-0.22457531143827858, -17.786032689450224
-0.22865232163080407, -18.14264487369985
-0.2320498301245753, -18.7667161961367
-0.2347678369195923, -19.212481426448736
-0.24631936579841449, -20.817236255572062
-0.25039637599093995, -21.173848439821693
-0.25447338618346543, -21.441307578008917
-0.2578708946772367, -21.797919762258545
-0.26194790486976216, -22.154531946508172
-0.2667044167610419, -22.421991084695392
-0.27010192525481314, -23.046062407132244
-0.2768969422423556, -23.224368499257057
-0.27621744054360137, -22.600297176820206
-0.27621744054360137, -21.88707280832095
-0.27485843714609287, -21.2630014858841
-0.2741789354473386, -20.460624071322435
-0.2734994337485844, -19.836552748885588
-0.2728199320498301, -18.945022288261516
-0.2721404303510759, -18.320950965824665
-0.27146092865232163, -17.518573551263003
-0.27146092865232163, -16.80534918276374
-0.27010192525481314, -16.092124814264487
-0.26874292185730464, -15.37890044576523
-0.2680634201585504, -14.75482912332838
-0.2680634201585504, -14.13075780089153
-0.26738391845979614, -13.150074294205051
-0.26602491506228765, -12.5260029717682
-0.26466591166477915, -11.01040118870728
-0.2626274065685164, -9.940564635958395
-0.2626274065685164, -9.227340267459137
-0.26058890147225366, -8.424962852897472
-0.25922989807474517, -7.26597325408618
-0.25922989807474517, -7.26597325408618
-0.2578708946772367, -6.641901931649329
-0.2565118912797282, -5.9286775631500745
-0.2551528878822197, -5.304606240713223
-0.25311438278595694, -4.591381872213965
-0.2510758776896942, -3.789004457652304
-0.24903737259343148, -3.2540861812778594
-0.24292185730464325, -1.5601783060921228
-0.2388448471121178, -0.9361069836552751
-0.23408833522083805, -0.31203566121842385
-0.22797281993204982, 0.13372956909361022
-0.2204983012457531, 0.5794947994056479
-0.2130237825594564, 0.7578008915304615
-0.2055492638731597, 1.025260029717682
-0.19875424688561721, 1.025260029717682
-0.19263873159682898, 1.292719167904906
-0.18516421291053226, 1.292719167904906
-0.17904869762174405, 1.292719167904906
-0.17497168742921856, 1.292719167904906
-0.1695356738391846, 1.292719167904906
-0.16477916194790487, 1.292719167904906
-0.16070215175537939, 1.292719167904906
-0.13691959229898074, 1.73848439821694
-0.13148357870894678, 1.73848439821694
-0.1233295583238958, 1.8276374442793468
-0.1233295583238958, 1.8276374442793468
-0.11925254813137032, 2.0059435364041605
-0.11313703284258211, 2.0059435364041605
-0.10770101925254813, 2.184249628528974
-0.1002265005662514, 2.3625557206537877
-0.09343148357870895, 2.3625557206537877
-0.08527746319365798, 2.184249628528974
-0.07984144960362402, 2.184249628528974
-0.07440543601359004, 2.3625557206537877
-0.06693091732729331, 2.3625557206537877
-0.060815402038505106, 2.5408618127786013
-0.054699886749716875, 2.5408618127786013
-0.047904869762174396, 2.719167904903415
-0.041789354473386164, 2.719167904903415
-0.03499433748584374, 2.808320950965829
-0.030917327293318253, 2.808320950965829
-0.026160815402038518, 2.808320950965829
-0.019365798414496038, 2.808320950965829
-0.013250283125707807, 2.9866270430906425
-0.008493771234428071, 2.8974739970282357
-0.0023782559456398955, 2.9866270430906425
0.003737259343148336, 3.0757800891530493
