x, y
0.5976751699888219, 0.5211519907755999
1.1874985446162434, 1.0509616591365472
1.4824102319299541, 2.552098040599901
1.7445539539865855, 3.964936896021584
1.9083937802719824, 5.554375705948793
2.0066976760432205, 6.878907230484437
2.1705375023286138, 8.20343875502008
2.2360734328427725, 9.439672753514053
2.3016057248975414, 10.587599421121986
2.4654455511829347, 11.823833419615966
2.596521050670642, 13.060062515687754
2.8586647727272734, 14.207994085717871
3.0880332526080494, 15.355915850903614
3.3174090094076014, 14.207994085717871
3.284641044150522, 13.060062515687754
3.186337148379284, 11.73553099115211
3.1535691831222046, 10.499296992658131
3.120801217865125, 9.351370325050198
3.0224973220938907, 8.115141228978416
2.956961391579732, 6.790604802020582
2.8258895305514145, 5.642678134412648
2.6948176695231005, 4.3181466098770045
2.5637530854135626, 3.1702150398468874
2.3999096206687796, 1.9339859437750988
2.1377695370715344, 0.962659230672692
1.7117859887295097, 0.43284956231174476
1.2858024403874815, -0.09696500847138623
0.8925868573025326, -0.7150820077183724
0.43383898216281835, -0.8033844361822275
0.04062339907786949, -1.068291721573793
-0.38536014926415874, -1.3331941045431748
-0.8768759896609524, -1.7747062468624506
-1.2700915727459012, -2.8343353884287126
-1.4666993642883739, -3.982262056036646
-1.6305391905737707, -5.2184911521084345
-1.794379016859164, -6.454725150602407
-1.8599149473733227, -7.690954246674195
-2.0237547736587196, -8.838880914282129
-2.122058669429954, -9.98681248431225
-2.253126891998882, -11.13473915192018
-2.4169667182842787, -12.459275578878014
-2.67911044034091, -13.430597389558233
-3.0395580581687796, -12.547578007341869
-3.0067900929117, -11.13473915192018
-2.974022127654621, -9.98681248431225
-2.8757182318833827, -8.662280959776606
-2.810182301369224, -7.337744532818775
-2.7118784055979894, -5.7483057228915655
-2.515270614055513, -4.776983912211342
-2.4169667182842787, -3.54074991371737
-2.1548266346870335, -2.481125674573292
-1.794379016859164, -1.5981013899347403
-1.565003260059612, -0.8916868646460827
-1.2373236074888219, -0.09696500847138623
-0.9424119201751111, 0.5211519907755999
-0.6147359060637108, 0.8743568022088368
-0.1559843924646067, 0.6094495168172713