x, y
0.1589388214884515, -0.08539529210592178
0.5914133813804021, -0.08539529210592178
1.0571543754657213, 0.18354668674698615
1.456358862704917, 0.900731833584338
1.7890341200167654, 2.4247478194026115
2.0551692320231005, 3.5901663293800183
2.2215086799087196, 4.934886028488954
2.4211109235283175, 6.4589020143072275
2.5874467329545467, 7.803621713416163
2.687249673994039, 9.148336510102908
2.787052615033531, 10.493056209211844
2.9201183518070053, 12.106717887173694
3.1197242338859894, 13.541083278426207
3.1862571022727266, 14.616860998682228
3.3858629843517143, 15.782279508659641
3.585468866430702, 17.127001658979665
3.78506747159091, 18.38207076352284
4.0179361494038766, 19.457846032567772
4.217542031482861, 20.533621301612698
4.550213650335319, 21.340452140593626
4.882885269187778, 22.41622740963855
5.115761223919524, 23.312706391974146
5.51496571115872, 24.478127353162648
5.781104461624441, 23.22305824861948
5.714571593237704, 21.60939657065763
5.714571593237704, 20.264676871548694
5.714571593237704, 18.919959623650854
5.6480314479321905, 17.664888067896584
5.548235783811474, 16.32017327120984
5.51496571115872, 14.706506690825805
5.415162770119224, 13.182495607429722
5.315359829079732, 11.658479621611448
5.21555688804024, 10.493056209211844
5.115761223919524, 9.058690817959338
4.982688210227273, 7.624325426706825
4.916155341840536, 6.27960572759789
4.783089605067065, 5.203832909764053
4.650016591374815, 4.30735147621737
4.38387784090909, 2.8729860849648574
3.9514032810171393, 2.2454515326932736
3.6852645305514145, 0.9903775257279079
3.352592911698956, 0.09390099460341617
2.687249673994039, -0.5336335576681748
2.2215086799087196, -0.7129298443775127
1.722497613170642, -0.7129298443775127
1.2567566190853192, -1.2508187045055195
0.5914133813804021, -1.3404643966490966
0.19220525568181657, -1.4301149912148574
-0.27353573840350265, -1.1611681099397586
-0.8058132393349489, -1.2508187045055195
-1.2050177265741446, -1.6094112779241954
-1.5376929838859894, -2.416242116905117
-1.837098168545083, -3.492014934738954
-2.036700412164681, -5.1953272072665655
-2.2363026557842787, -6.091803738391064
-2.3693720310171393, -7.615819724209338
-2.5357078404433686, -9.13983080760542
-2.6687772156762293, -10.484550506714356
-2.8351130251024586, -11.739619611257531
-2.9349159661419506, -12.72574673694779
-2.968182400335319, -13.622228170494477
-3.067985341374815, -14.787651582894078
-3.3008540191877778, -15.863424400727911
-3.5004599012667654, -16.93919721856175
-3.7000621448863633, -18.283916917670684
-3.9329344611587196, -19.359694637926708
-4.265606080011178, -20.61476374246988
-4.465208323630774, -21.780187154869477
-4.764613508289866, -22.76631428055974
-4.964219390368852, -23.662790811684236
-5.230358140834575, -24.738563629518072
-5.529763325493667, -25.724695657630523
-5.7293655691132646, -24.738563629518072
-5.7958984375, -23.393848832831324
-5.762632003306631, -22.228425420431726
-5.662832700726527, -20.794060029179217
-5.629562628073771, -19.359694637926708
-5.5630297596870335, -17.925324344252008
-5.496493252840908, -16.670255239708837
-5.4632268186475414, -15.05659356174699
-5.363423877608048, -13.532577575928716
-5.296891009221312, -12.098212184676203
-5.197088068181818, -10.484550506714356
-5.030752258755589, -9.13983080760542
-4.930952956175485, -7.795116010918676
-4.764613508289866, -6.898634577371986
-4.631547771516393, -6.002158046247487
-4.565011264670268, -5.0160309205572275
-4.36540902105067, -4.119549487010545
-4.2323396458178095, -3.043776669176708
-4.032737402198212, -2.2369458301957863
-3.7000621448863633, -1.2508187045055195
-3.2675875849944127, -0.4439878655245977
-2.7685801567157213, 0.09390099460341617
-2.4691749720566314, 0.6317898547314229
-2.036700412164681, 1.080028120293676
-1.6042258522727266, 1.3489700991465838
-1.1384848581874074, 1.4386206937123518
-0.6062073572559612, 1.4386206937123518
-0.30680217259687126, 0.900731833584338