x, y
0.10893183564642328, 0.5506057432856437
0.5057531319858413, 0.6478158728664667
0.902578066784649, 0.8422459368724873
1.3354746879657213, 0.9394560664533103
1.8765936452123704, 1.231096260040161
2.2734149415517884, 1.5227364536270045
2.7063152011922504, 2.0088067112198758
3.03098220938897, 2.592087098393577
3.3195848081222046, 3.564217808734938
3.5360294802533545, 4.536353421498497
3.680330779619972, 5.605699163842871
3.8246320789865855, 6.869474970193274
4.004997787816691, 8.036035744540662
4.149299087183309, 9.20259651888805
4.3296720729321905, 10.271942261232432
4.510045058681072, 11.730143229166664
4.65434635804769, 12.799488971511046
4.762568694113263, 14.160479809864455
4.942941679862145, 15.424255616214857
5.087242979228762, 16.68802652014307
5.231544278595379, 17.951799875282376
5.339766614660952, 19.312788262424696
5.447988950726529, 20.479349036772085
5.6644408997764515, 21.743122391911392
5.772663235842028, 22.909683166258787
5.9169645352086455, 23.979031359814257
6.169488170640836, 25.04837710215864
6.385932842771982, 26.312150457297946
6.7106071278874815, 27.187071038058477
7.179575435450818, 27.867566457235185
7.5403214069485855, 28.839699618787648
7.864995692064085, 29.13133981237449
8.225741663561848, 28.548059425200805
8.189669977179584, 27.57592626364834
8.261820626862892, 26.312150457297946
8.297892313245157, 25.04837710215864
8.297892313245157, 23.687391166227407
8.225741663561848, 22.423615359877004
8.189669977179584, 21.159842004737698
8.081440364195231, 19.99328123039031
8.081440364195231, 18.92393303683484
7.973218028129658, 17.660159681695532
7.901074655365125, 16.396386326556225
7.792845042380776, 15.03539548820281
7.684622706315203, 13.57719942269076
7.612472056631894, 12.216208584337352
7.468170757265277, 10.66079748682229
7.3599484211997, 9.397021680471887
7.215647121833086, 7.938820712537648
7.10742478576751, 6.869474970193274
6.963130763319672, 5.702914195845885
6.674528164586437, 4.34192825991466
6.5302341421386, 3.0781524535642575
6.2055598570231005, 2.3004469048067264
5.95303622159091, 1.133886130459338
5.556218563710878, 0.6478158728664667
5.12331466561103, 0.06453548569277245
4.6182673947466455, -0.22710470789407822
3.788553115685545, -0.3243148374749012
3.788553115685545, -0.3243148374749012
3.247434158438896, -0.3243148374749012
2.742386887574515, -0.42152986947791504
2.129117280644561, -0.42152986947791504
1.6601453346218342, -0.6159550310617448
1.191173388599104, -0.6159550310617448
0.6861261177347231, -0.6159550310617448
0.2532294965536508, -0.7131700630647586
-0.21573881100968606, -0.8103850950677725
-0.5764884209668395, -0.8103850950677725
-0.973309717306261, -1.0048102566516093
-1.4062063384873333, -1.3936654822414667
-1.8030276348267513, -1.6853056758283103
-2.2359242560078236, -2.074155998995984
-2.5966702275055873, -2.560226256588855
-2.9213445126210864, -3.72678212851406
-3.209939834435545, -4.990557934864455
-3.4624634698677355, -6.545973934801708
-3.6428364556166173, -7.8097448387299195
-3.931435415890462, -8.976305613077308
-4.111808401639344, -10.434506581011547
-4.256109701005961, -11.892707548945783
-4.472554373137109, -13.253698387299195
-4.7250780085693, -15.197964710404115
-4.905450994318182, -16.46173561433233
-4.97760164400149, -17.725511420682732
-5.157974629750372, -18.98928722703313
-5.302275929116989, -20.253058130961346
-5.410498265182563, -21.51683393731175
-5.55479956454918, -22.780609743662147
-5.771244236680328, -23.752740454003515
-5.843394886363637, -25.21094142193775
-6.0237678721125185, -26.280296969126507
-6.168069171479136, -27.446857743473895
-6.564890467818554, -28.127343357806225
-6.817414103250746, -29.1966891001506
-7.106009425065201, -30.071614583333336
-7.4306837101807, -30.75211000251004
-7.719279031995157, -31.529810648845384
-8.188250978017884, -32.3075211000251
-8.3325522773845, -31.043745293674696
-8.368623963766765, -29.488334196159638
-8.40469928860842, -28.32176361696787
-8.40469928860842, -27.057997615461847
-8.40469928860842, -25.5998015499498
-8.40469928860842, -24.238810711596386
-8.3325522773845, -22.683394711659137
-8.3325522773845, -21.419618905308734
-8.224326302859538, -20.05863296937751
-8.116100328334575, -18.89207219503012
-8.007877992269002, -17.822726452685743
-8.007877992269002, -16.364525484751507
-7.82750500652012, -14.809109484814257
-7.82750500652012, -13.642548710466869
-7.683203707153503, -12.475987936119477
-7.574981371087928, -11.212217032191266
-7.4667590350223545, -10.1428663874247
-7.394608385339046, -8.684665419490461
-7.214235399590164, -7.518104645143076
-7.069934100223547, -6.448758902798694
-6.853485789633011, -5.282198128451306
-6.709188128725783, -4.115637354103917
-6.456664493293591, -2.754651418172692
-6.168069171479136, -1.6853056758283103
-5.807319561521982, -0.9075952246485954
-5.31221620016766, -0.12300667513805053
-4.772752741942995, 0.24042949140311265
-4.233285645258942, 0.5130041650978896
-3.761253754890088, 0.6038656579442758
-3.1206411256520106, 0.6947222483684712
-2.614891632125559, 0.7855788387926737
-2.0417105707432945, 0.6947222483684712
-1.5359610772168395, 0.8764403316390528
-1.030211583690388, 0.8764403316390528
-0.6256112611773474, 1.0581584149096415
-0.2547285418219083, 0.9672969220632552