x, y
0.1192905295268254, 0.186051824485439
0.5566588172969453, 0.4003465032003035
1.033788189269746, 0.4003465032003035
1.5506822839046208, 0.4003465032003035
1.908532041728762, 0.5074889401355449
2.3856650521609524, 0.5074889401355449
2.942320230998508, 0.8289309582078346
3.618258662444113, 1.043225636922692
4.055623311754843, 1.7932570124246965
4.492995237984353, 3.0790201822916643
4.771322827403129, 4.257636012801207
5.089411501024589, 5.436256745732933
5.407500174646049, 6.722019915599901
5.646066679862145, 7.900640648531628
5.805111016672875, 9.400698497113453
6.083431329172875, 10.793609006337853
6.242475665983605, 11.972224836847388
6.401520002794335, 13.150845569779115
6.60032542380775, 14.65090341836094
6.75936976061848, 16.258108606300198
6.997936265834575, 17.54387422737826
7.156980602645305, 18.615345169741467
7.2762638552533545, 19.686816112104665
7.475069276266765, 20.75828705446787
7.594352528874815, 21.936902884977407
7.753396865685545, 23.008373827340613
7.912441202496275, 23.972697430346386
8.031724455104321, 25.044168372709592
8.230529876117735, 26.115639315072798
8.389574212928466, 27.18711025743599
8.62814071814456, 28.258581199799195
8.866707223360656, 29.437197030308738
9.264318065387481, 28.901462784732686
9.701682714698212, 30.29437329395708
9.701682714698212, 30.29437329395708
10.059532472522356, 29.65149170902359
10.417382230346497, 30.29437329395708
10.775231988170642, 30.830109990744234
11.133074469076007, 30.93725733010166
11.292118805886737, 29.972933727095878
11.530685311102832, 30.722962651386794
11.888535068926974, 31.47299157567771
12.286145910953799, 31.79443359375
12.365668079359168, 30.508667972671944
12.365668079359168, 29.115757463447537
12.365668079359168, 27.82999184236948
12.405429163561848, 26.65137356064885
12.405429163561848, 25.258463051424442
12.32590699515648, 23.75840275163153
12.286145910953799, 22.47263958176456
12.16686265834575, 20.75828705446787
12.127101574143069, 18.93678473660266
12.047579405737707, 17.329579548663403
11.928296153129658, 15.72237190951305
11.888535068926974, 14.222314060931225
11.729490732116243, 12.829403551706825
11.570446395305513, 11.115051024410143
11.490924226900148, 9.829287854543175
11.331879890089418, 8.329225103539159
11.093320661792102, 6.829167254957326
10.934276324981372, 5.436256745732933
10.695709819765277, 4.150493575865966
10.417382230346497, 2.864725503576807
9.940249219914307, 1.9004043517821287
9.542638377887481, 1.043225636922692
9.025751560171386, 0.6146362794929701
8.588379633941877, -0.028242854229418413
8.031724455104321, -0.5639795510165655
7.07745843423994, -0.6711268903739978
6.202714581780924, -0.6711268903739978
5.168933669429954, -0.6711268903739978
4.373711985376303, -0.8854215690888552
3.936340059146797, -1.0997162478037126
3.3001699888226526, -1.0997162478037126
2.823036978390462, -1.0997162478037126
2.1868596311475414, -1.0997162478037126
1.5109211997019365, -1.314010926518577
0.9940271050670653, -1.314010926518577
0.47713664889158025, -1.7425953815261082
-0.1590370598919506, -1.8497427208835333
-0.6361700703241446, -2.2783320783132552
-1.1928252491617002, -2.4926267570281126
-1.5904360911885256, -2.8140687751004023
-2.0675654631613263, -3.3498005694653585
-2.5446984735935168, -3.7783899268950805
-3.0218278455663174, -4.09983194496737
-3.419438687593143, -4.528421302397092
-3.817049529619972, -5.385595114834338
-4.254421455849478, -6.135626490336342
-4.532749045268256, -6.992805205195786
-4.771311912024963, -8.064273696347893
-5.049639501443741, -9.1357421875
-5.407489259267884, -10.314362920431726
-5.606291041821908, -11.600126090298694
-5.8448575470380035, -12.564452144515563
-6.043662968051416, -13.63592063566767
-6.202707304862146, -14.921683805534638
-6.481034894280924, -15.993157199108936
-6.679840315294337, -17.386067708333332
-6.87864573630775, -18.6718308782003
-7.03769007311848, -19.743304271774598
-7.236495494131892, -21.029067441641565
-7.435297276685917, -22.314830611508533
-7.514819445091282, -23.600598683797692
-7.713624866104695, -24.88636185366466
-7.95219137132079, -26.172129925953815
-8.071474623928838, -27.457888193398595
-8.310041129144933, -28.52936158697289
-8.588365080104323, -29.38654030183233
-8.747409416915053, -30.565161034764056
-8.985975922131148, -29.81512965926205
-9.145020258941878, -30.886593247991968
-9.304064595752608, -32.065213980923694
-9.661914353576751, -33.136687374497996
-10.298088062360284, -33.77957141064257
-10.298088062360284, -33.77957141064257
-10.616176735981744, -32.92239269578313
-10.814982156995157, -33.88671875
-11.1728319148193, -34.74388766001506
-11.570439118386735, -34.20816076807229
-11.809005623602832, -33.35098205321285
-11.848766707805515, -32.27950865963855
-12.246377549832339, -33.45812939257028
-12.604227307656483, -34.20816076807229
-12.763271644467213, -33.136687374497996
-12.882551258615873, -31.636624623493976
-12.882551258615873, -28.95795094440261
-12.882551258615873, -27.457888193398595
-12.882551258615873, -26.064982586596386
-12.882551258615873, -24.88636185366466
-12.842793812872578, -23.92204070186998
-12.842793812872578, -22.74341996893825
-12.72351056026453, -21.564804138428716
-12.5644662234538, -20.600478084211847
-12.524705139251118, -19.31471491434488
-12.445182970845753, -18.13609908383534
-12.325899718237704, -16.957478350903614
-12.325899718237704, -15.778862520394075
-12.246377549832339, -14.493099350527107
-12.087333213021608, -13.31447861759538
-12.007811044616243, -12.135862787085845
-11.92828887621088, -10.635804938504016
-11.809005623602832, -9.564331544929718
-11.689722370994783, -8.27856837506275
-11.49091694998137, -7.314242320845885
-11.33187261317064, -6.135626490336342
-11.093309746413935, -4.957010659826807
-10.894504325400522, -3.992684605609938
-10.53665456757638, -2.9212161144578346
-10.09928627980626, -2.2783320783132552
-9.701675437779434, -1.8497427208835333
-9.304064595752608, -1.5283007028112436
-8.906453753725783, -0.9925689084462874
-8.349802213347616, -0.6711268903739978
-7.713624866104695, -0.5639795510165655
-7.276256578334575, -0.24253753294427582
-6.759362483699702, 0.186051824485439
-6.242468389064829, 0.6146362794929701
-5.606291041821908, 1.043225636922692
-4.970117333038376, 1.043225636922692
-4.532749045268256, 1.043225636922692
-4.095377119038748, 1.1503729762801171
-3.6580051928092416, 1.3646676549949817
-3.1808721823770476, 1.578962333709839
-2.703739171944857, 1.578962333709839
-2.2266097999720564, 1.6861096730672713
-1.7892415122019365, 1.578962333709839
-1.1928252491617002, 1.3646676549949817
-0.6759311545268254, 1.3646676549949817
-0.23855922829731568, 0.7217836188504023