x, y
0.17116768349478306, 1.9676606817896598
0.5874001606743668, 2.069626160893577
1.0414726154992557, 2.069626160893577
1.4198687534929206, 2.171596542419678
1.8361048691318942, 2.3755324030496965
2.2901773239567795, 2.5794731661019057
2.668569823491058, 2.681443547628014
3.084802300670642, 2.885379408258032
3.5010420547690018, 2.885379408258032
3.9551145095938907, 3.1912856504141587
4.333507009128166, 3.7011326556224873
4.825426718517139, 3.9050685162525127
5.24165919569672, 4.414915521460841
5.657891672876303, 5.026728005773094
6.111964127701192, 5.434604629455322
6.490356627235471, 6.148387495293676
6.868756403688526, 6.964140742658131
7.247148903222801, 7.779893990022593
7.587701425111774, 8.595647237387048
7.890421246274219, 9.513370866277612
8.230981045081968, 10.431089592745984
8.533693589325633, 11.450778700740464
8.836406133569298, 12.36850232963102
9.214805910022356, 13.082285195469375
9.479678476620716, 14.203944684989956
9.706718342492547, 15.325604174510545
9.933750931445605, 16.2433278034011
10.12295081967213, 17.568925604762804
10.38783066318927, 18.690585094283385
10.65270322978763, 19.914212514118972
10.917583073304769, 20.93390407332455
11.106775684612519, 21.95359318131903
11.447335483420268, 22.973284740524598
11.674368072373323, 24.2988825418863
11.901407938245157, 25.216603719565768
12.128440527198208, 26.44023359061245
12.506840303651266, 27.35795476829192
12.809552847894935, 28.173705564445285
13.187952624347986, 28.173705564445285
13.566345123882265, 27.96976970381526
14.058257556352459, 28.275675945971386
14.398810078241432, 28.4796142578125
14.890729787630406, 28.683552569653614
15.269122287164677, 29.09142919333584
15.60967480905365, 29.49930336580698
15.761034719634871, 28.3776438762864
15.988074585506709, 27.35795476829192
16.06375454079732, 25.82841865508911
16.06375454079732, 24.4008504722013
16.13943449608793, 22.871316810209585
16.101594518442624, 21.54571900884789
16.101594518442624, 20.220121207486194
16.101594518442624, 18.8945234061245
16.06375454079732, 17.568925604762804
15.950234607861404, 15.937421561244982
15.912394630216099, 14.407885448042165
15.761034719634871, 13.184255576995483
15.60967480905365, 11.858655324422692
15.45831489847243, 10.431089592745984
15.306962264809982, 9.003523861069276
15.155602354228762, 7.677923608496485
14.890729787630406, 6.046422016189759
14.663689921758568, 4.822792145143069
14.436650055886737, 3.497191892570278
14.058257556352459, 2.5794731661019057
13.60418510152757, 1.7637199187374506
13.301465280365129, 1.1519074344251976
12.885232803185545, 0.642060429216869
12.393320370715351, 0.1322134240085333
11.750048027663933, 0.03024794490461602
11.220295617548434, 0.03024794490461602
10.766223162723549, -0.1736928181475932
10.19863077496274, -0.3776286787776115
9.631038387201937, -0.3776286787776115
9.101285977086437, -0.3776286787776115
8.458013634035023, -0.5815694418298207
7.814741290983605, -0.7855053024598391
6.8309164260432205, -0.7855053024598391
6.301164015927721, -0.683534920933738
5.960611494038748, -0.7855053024598391
5.468691784649778, -0.8874756839859472
4.787586740871834, -0.8874756839859472
4.371346986773471, -0.9894460655120483
3.652401965350222, -0.9894460655120483
3.2740021888971675, -1.0914115446159656
2.8577697117175873, -1.0914115446159656
2.4036972568926984, -1.1933819261420666
1.9874611412537249, -1.3973226891942758
1.4955487087835309, -1.4992881682981931
1.0793125931445609, -1.4992881682981931
0.6630801159649771, -1.6012585498242942
0.20900766114008817, -1.8051993128765034
-0.24506843214418694, -1.9071647919804207
-0.6613045477831605, -1.9071647919804207
-1.0775370249627407, -1.9071647919804207
-1.4937695021423245, -1.9071647919804207
-1.9478455954266032, -2.213071034136547
-2.4775980055421023, -2.4170117971887564
-2.931670460366991, -2.6209476578187747
-3.347906576005961, -2.824888420870984
-3.80197903083085, -3.1307946630271104
-4.256051485655737, -3.3347305236571287
-4.747967556585321, -3.43670090518323
-5.164200033764903, -3.9465479103915655
-5.61827612704918, -4.354424534073793
-6.034508604228764, -4.762301157756028
-6.412904742222429, -5.170177781438255
-6.942657152337928, -5.781990265750501
-7.283213312686289, -6.699713894641064
-7.737285767511178, -7.515462239583336
-8.077841927859538, -8.53515625
-8.456238065853205, -9.248939115838354
-8.796790587742176, -9.962721981676708
-8.985990475968704, -10.982411089671185
-9.288706658671758, -12.002105100087853
-9.553582863729508, -13.123764589608435
-9.856299046432563, -14.143453697602911
-10.159015229135619, -15.163142805597388
-10.386051456548062, -16.182836816014056
-10.650927661605813, -17.304496305534638
-10.915803866663563, -18.42615579505522
-10.991483821954173, -19.547815284575805
-11.256360027011922, -20.669474774096386
-11.672592504191504, -21.38325763993474
-12.013148664539866, -22.300976366403113
-12.31586484724292, -23.5246062374498
-12.65642100759128, -24.544300247866467
-12.996977167939642, -25.767925216490966
-13.11049346241617, -26.68564884538153
-13.45104962276453, -27.297461329693775
-13.71592582782228, -28.317155340110443
-14.094321965815947, -29.1329085874749
-14.434874487704917, -29.948661834839356
-14.9267905586345, -30.15259279304719
-15.343023035814085, -30.254563174573292
-15.759259151453055, -31.172286803463855
-16.25117158392325, -31.580158524723895
-16.478207811335693, -30.764405277359437
-16.780923994038748, -29.540780308734938
-17.1031059344728, -30.78361296749498
-17.595080220752607, -31.11505592683233
-18.210045349757824, -31.777932040662648
-18.45603067366803, -30.562650994603416
-18.45603067366803, -29.236898766942772
-18.45603067366803, -28.13209870732932
-18.45603067366803, -27.027298647715863
-18.45603067366803, -25.701546420055223
-18.620019676788374, -24.70722734688755
-18.620019676788374, -23.270989230358936
-18.66101783718331, -19.84611296749498
-18.66101783718331, -18.520355837412147
-18.66101783718331, -17.415560680220885
-18.66101783718331, -15.868841577246485
-18.497028834062966, -14.432603460717871
-18.374034352878166, -13.10684633063504
-18.333036192483235, -11.891570186997992
-18.210045349757824, -10.897251113830322
-18.169047189362892, -9.792455956639056
-18.00505454778316, -8.687655897025603
-17.84106554466282, -7.582860739834338
-17.718071063478018, -6.036141636859938
-17.51308389996274, -4.82086549322289
-17.2261004156576, -3.826546420055223
-16.93911693135246, -3.053189319779115
-16.65212980858793, -1.948389260165662
-16.078162839977644, -1.175032159889561
-15.545194031762296, -0.29119407316767365
-15.053219745482489, 0.15072497019327358
-14.56124909766207, 0.4821630271084345
-13.782291327077123, 0.37168694308483907
-13.413311521982116, 0.37168694308483907
-13.085329877282042, 0.37168694308483907
-12.552361069066691, 0.5926440135542137
-12.142383103576751, 0.703125
-11.732405138086811, 0.703125
-11.281429012201938, 0.8136059864457863
-10.748460203986587, 0.9240820704693746
-10.297487716561102, 0.9240820704693746
-9.84651159067623, 1.034563056915161
-9.395535464791356, 1.034563056915161
-9.02655565969635, 1.034563056915161
-8.452588691086065, 1.034563056915161
-8.042610725596125, 1.034563056915161
-7.59163823817064, 0.703125
-7.058665791495901, 0.703125
-6.607689665611028, 1.034563056915161
-5.992724536605813, 1.034563056915161
-5.541752049180328, 1.1450440433609401
-5.008783240964977, 1.034563056915161
-4.475810794290238, 1.476482100276101
-3.942838347615499, 1.5869630867218874
-3.409869539400148, 1.3660011138303219
-2.958897051974663, 1.476482100276101
-2.507920926089792, 1.5869630867218874
-2.138941120994783, 1.8079250596134528
-1.810959476294709, 1.9184011436370483
-1.400981510804769, 1.9184011436370483
-1.03200534416915, 1.9184011436370483
-0.6220237402198201, 1.9184011436370483
-0.25304757358420105, 2.2498441029744