x, y
0.0009270385294730676, 1.7391364134796419
0.0029871115767595297, 5.533602702216868
0.003193126425747053, 5.533602702216868
0.004223162949390291, 8.063237244881577
0.0056652291710085345, 9.96047038925019
0.006901280543639282, 12.490119406655083
0.007931317067282506, 15.019768424059947
0.008961372451572885, 17.233202267576615
0.01040341981254403, 19.446636111093255
0.011845486034162273, 24.50593414590304
0.011845486034162273, 24.50593414590304
0.012463511720477632, 27.667984561603987
0.013699563093108408, 31.46245085034124
0.015141629314726679, 34.62450126604219
0.016377680687357427, 37.78656615648333
0.01740771721100065, 40.94861657218431
0.018437753734643902, 44.426882161773506
0.019055779420959235, 46.9565167044382
0.019879819956262118, 50.75098299317543
0.02132188617788039, 53.28063201058032
0.021115871328892893, 48.53754914965876
0.020291830793589982, 44.426882161773506
0.01946780911893428, 40
0.018849783432618894, 36.837949584299025
0.018437753734643902, 33.359683994709854
0.017201702362013127, 30.19763357900888
0.016171665838369903, 27.035568688567736
0.015141629314726679, 23.87351827286676
0.014523603628411291, 20.711467857165786
0.013493548244120884, 16.91700156842856
0.012669526569465156, 14.07115185187564
0.012051500883149768, 10.592886262286441
0.010609434661531553, 8.063237244881577
0.008549342753597894, 4.584986130032561
0.006901280543639282, 2.055337112627683
0.004841188635705637, 0.15810396825906992
0.0029871115767595297, -1.1067133030732919
0.0007210236804855441, -2.687745748293864
-0.0013390682274481008, -3.3201616213301293
-0.0036051561237220586, -3.6363623204781703
-0.005871244019996058, -3.6363623204781703
-0.007931335927929703, -3.9525630196262114
-0.009785412986875838, -4.268778193514436
-0.011639490045821932, -4.268778193514436
-0.015347644163714189, -6.166011337883049
-0.015553659012701712, -6.166011337883049
-0.01843777259529107, -9.644262452732065
-0.01843777259529107, -9.644262452732065
-0.01967382396792179, -12.490112169284984
-0.020909875340552553, -14.703560487541822
-0.021115890189540062, -10.592879024916371
-0.01967382396792179, -6.798412736179131
-0.017819746908975698, -4.901179591810518
-0.015965669850029576, -2.3715450491458085
-0.012463530581124857, 0.7905198412953354
-0.012463530581124857, 0.47430466740711097
-0.010609453522178694, 1.7391364134796419
-0.008549361614245077, 2.6877529856639484
-0.006077258868983568, 3.3201543839600305
-0.003399141274734549, 3.3201543839600305
-0.0011330533784605912, 2.055337112627683