x, y
0.00030901284315767996, 3.0039536848119894
0.004017166961049909, 2.6877529856639484
0.006489269706311418, 3.3201543839600305
0.008549342753597894, 5.533602702216868
0.01019742382420366, 8.063237244881577
0.012051500883149768, 10.909086961434497
0.013699563093108408, 13.122535279691334
0.014523603628411291, 16.600786394540336
0.01575965500104201, 20.711467857165786
0.016789691524685235, 24.189718972014816
0.017819728048328487, 27.667984561603987
0.018643768583631398, 30.19763357900888
0.019261794269946758, 32.727268121673575
0.02008583480524964, 36.205533711262774
0.02090985647990537, 40
0.021733897015208253, 43.162050415700975
0.022557937550511165, 47.272731878326425
0.023381959225166865, 50.75098299317543
0.024205999760469776, 54.54544928191265
0.025648065982088047, 58.02371487150185
0.02729612819204663, 61.50198046109105
0.028738194413664903, 64.98023157594005
0.029768230937308127, 67.82608129249297
0.03162230799625426, 70.67193100904589
0.0334763850552004, 72.88537932730273
0.035536476963134, 76.0474297430037
0.037596550010420476, 79.20948015870468
0.03945062706936661, 81.73912917610954
0.04130470412831275, 83.63636232047816
0.04377680687357424, 85.21739476569874
0.04377680687357424, 80.79051260392524
0.043570810885233874, 77.31224701433607
0.043158781187258854, 73.51778072559881
0.042540755500943495, 69.72331443686159
0.041716733826287766, 65.92884814812436
0.04109870813997238, 63.08299843157144
0.040274667604669495, 59.60474731672241
0.03986265676734166, 56.12648172713324
0.03903861623203875, 52.64821613754404
0.03862660539471088, 48.853749848806814
0.03800857970839552, 46.32411530614212
0.036978524324105116, 42.84584971655292
0.03615450264944939, 39.36758412696375
0.03533046211414648, 35.88933301211472
0.03450642157884362, 32.41106742252555
0.0334763850552004, 28.616601133788294
0.032652344519897486, 25.454550718087347
0.03224033368256965, 22.292485827646203
0.03079826746095138, 18.814234712797173
0.029768230937308127, 15.335969123208002
0.02853217956467738, 11.857703533618803
0.02729612819204663, 9.011853817065884
0.025442051133100524, 6.482219274401174
0.02358797407415439, 3.3201543839600305
0.021733897015208253, 1.1067205404433764
0.01946780911893428, 0.15810396825906992
0.01699570637367276, -1.1067133030732919
0.014523603628411291, -2.0553298752575984
0.011021445498859361, -2.687745748293864
0.00875535760258539, -2.687745748293864
0.006077240008336399, -2.687745748293864
0.003193126425747053, -2.0553298752575984
0.00030901284315767996, -3.003946447441905
-0.0025751196000788207, -3.3201616213301293
-0.005253218333680712, -3.6363623204781703
-0.008137350776917213, -3.9525630196262114
-0.010609453522178694, -5.849796163994824
-0.01287554141845268, -6.798412736179131
-0.015141629314726679, -8.695645880547744
-0.017201721222660324, -10.909094198804581
-0.01946780911893431, -13.122542517061419
-0.02193991186419579, -16.28457845802221
-0.023793988923141926, -19.130428174575144
-0.02585408083107557, -21.66009166672019
-0.027708157890021665, -24.822127607680983
-0.030180260635283174, -27.667977324233902
-0.031828322845241785, -31.462443612971143
-0.03368239990418792, -34.30829332952406
-0.03512446612580619, -38.41897479214951
-0.03636051749843694, -41.89722590699853
-0.0375965688710677, -46.3241225435122
-0.03883262024369842, -48.53754191228869
-0.04027468646531669, -52.96443854880235
-0.04151073783794744, -56.12647448976315
-0.04212876352426281, -58.972324206316074
-0.04274678921057819, -62.450604270645435
-0.043570810885233915, -65.61264021160622
-0.0443948514205368, -62.13438909675722
-0.043982840583208935, -58.339922808019985
-0.04315880004790605, -55.49407309146706
-0.042334759512603154, -51.38339162884161
-0.04171673382628778, -47.90514051399259
-0.041098708139972406, -45.05929079743967
-0.04006867161632917, -39.68380653822204
-0.04006867161632917, -39.68380653822204
-0.039450645930013795, -36.5217416477809
-0.03842060940637056, -33.043490532931884
-0.03780258372005518, -30.197640816378964
-0.036978543184752286, -26.403174527641738
-0.03615450264944943, -23.241109637200594
-0.0347124552884783, -19.446643348463354
-0.03368239990418792, -15.652177059726128
-0.032858378229532206, -12.173925944877112
-0.03121029715892641, -8.695645880547744
-0.02976824979795531, -5.533595464846783
-0.027914172739009188, -3.003946447441905
-0.02606009568006308, -1.422928476961502
-0.02317596323682654, 0.47430466740711097
-0.019879838816909315, 3.3201543839600305
-0.019879838816909315, 3.3201543839600305
-0.0169957063736728, 4.584986130032561
-0.014111592791083441, 4.584986130032561
-0.011845504894809442, 3.952570256996296
-0.008961372451572941, 3.952570256996296
-0.006283273717971091, 3.952570256996296
-0.0040171669610499505, 3.636369557848255
-0.001751079064775965, 3.3201543839600305
0.00030901284315767996, 3.0039536848119894