x, y
0.0015450642157884414, 3.0039536848119894
0.0036051372630748757, 3.0039536848119894
0.006077240008336399, 3.636369557848255
0.008343346765257553, 4.9011868291806024
0.01040341981254403, 6.166004100512964
0.012463511720477632, 8.379452418769802
0.015141629314726679, 11.225302135322721
0.017201702362013127, 14.387352551023696
0.01967380510727465, 17.549402966724642
0.02090985647990537, 20.39525268327759
0.022145907852536117, 23.557317573718734
0.023381959225166865, 26.08695211638343
0.025236036284113, 29.5652177059726
0.026472087656743776, 32.727268121673575
0.027502143041034127, 35.88933301211472
0.02853217956467738, 38.418967554779414
0.029562216088320603, 41.58103244522056
0.030592271472611038, 44.11066698788528
0.03141629314726674, 46.640316005290146
0.03285835936888498, 49.16996502269504
0.03368239990418792, 51.69959956535973
0.034712436427831145, 55.17786515494893
0.035948487800461865, 58.97233144368616
0.03718453917309261, 62.13438185938713
0.038214575696735864, 65.92884814812436
0.03924463108102627, 69.0909130385655
0.040274667604669495, 73.20158002645078
0.04130470412831275, 76.67984561603996
0.042540755500943495, 79.84189603174093
0.044600847408877126, 82.68774574829385
0.04563088393252035, 85.53359546484677
0.047896990689441504, 89.32806175358402
0.04995706373672795, 92.17391147013694
0.052223170493649135, 94.70356048754181
0.054489258389923106, 96.60079363191042
0.05696136113518463, 98.18181160239084
0.0594334638804461, 99.44664334846337
0.062111581474695116, 100.39525992064767
0.06478968020829698, 101.34387649283198
0.06705578696521813, 102.60869376416431
0.06664375726724311, 99.7628440476114
0.06623174642991525, 96.60079363191042
0.06623174642991525, 93.7549439153575
0.0660257315809277, 90.27667832576833
0.06561372074359986, 87.43082860921541
0.06499569505728445, 83.95256301962621
0.06417165452198159, 80.47431190477721
0.06375964368465373, 77.62846218822426
0.06314161799833837, 74.15019659863509
0.062317577463035456, 70.98814618293412
0.06190556662570759, 67.50988059334492
0.06128754093939223, 64.664030876792
0.06046350040408932, 60.86956458805477
0.06005148956676151, 57.7075141723538
0.0592274490314586, 54.229248582764626
0.058403427356802845, 51.06719816706365
0.05757938682149999, 47.90513327662251
0.0571673759841721, 44.11066698788528
0.05634333544886924, 40.63241587303625
0.05531329892522602, 38.10276685563139
0.05469527323891063, 34.94071643993041
0.05345922186627988, 31.77865154948927
0.05263518133097697, 28.300400434640267
0.05160514480733375, 24.822134845051067
0.050369093434703, 21.660084429350093
0.049545052899400144, 18.49801953890895
0.048102986677781845, 15.019768424059947
0.04666093931681076, 12.173918707507028
0.045218873095192486, 8.695653117917828
0.04336479603624635, 5.849803401364909
0.04109870813997238, 2.6877529856639484
0.03862660539471088, 0.7905198412953354
0.03615450264944939, -1.422928476961502
0.03224033368256965, -3.003946447441905
0.029150205250992767, -3.9525630196262114
0.025442051133100524, -3.3201616213301293
0.02296994838783903, -3.3201616213301293
0.02008583480524964, -3.3201616213301293
0.01740771721100065, -2.687745748293864
0.014935614465739155, -2.687745748293864
0.012257496871490109, -2.687745748293864
0.009991408975216137, -2.687745748293864
0.00751930622995467, -2.687745748293864
0.005459214322021039, -2.687745748293864
0.003193126425747053, -3.003946447441905
0.0007210236804855441, -3.003946447441905
-0.002163089902103829, -3.6363623204781703
-0.00504722234534033, -5.217394765698742
-0.007313310241614329, -7.430828609215396
-0.009785412986875838, -8.695645880547744
-0.01266952656946517, -11.857710770988888
-0.014729618477398815, -14.071159089245725
-0.0169957063736728, -15.968392233614352
-0.01946780911893431, -18.814241950167272
-0.021115890189540062, -22.608708238904498
-0.02267174269550712, -24.28841498790591
-0.024224370030808892, -26.385602193067882
-0.02590121358834188, -29.531383000810862
-0.027143319228712715, -32.39117189215341
-0.028820162786245704, -34.96498334183573
-0.029938071065032476, -37.348147988657956
-0.031118068594287673, -40.017290077140416
-0.032484371596242595, -42.877093443223146
-0.03366438798614496, -45.736882334565706
-0.03503070984874705, -48.406024423048166
-0.036772528335764776, -51.38339162884161
-0.03800857970839552, -54.22924134539453
-0.039450645930013795, -57.39130623583568
-0.04048068245365703, -60.2371559523886
-0.042334759512603154, -64.34783741501406
-0.043982840583208935, -67.50987335597483
-0.04542488794418004, -70.35572307252777
-0.0466609393168108, -73.51778796296891
-0.04810300553842903, -76.04742250563362
-0.04995708259737516, -78.89327222218654
-0.05222317049364916, -81.73912193873946
-0.054695273238910644, -83.9525702569963
-0.056755365146844275, -86.48220479966099
-0.059227467892105784, -88.69565311791784
-0.06169957063736728, -91.22528766058254
-0.06396565853364128, -92.8063345805433
-0.06602575044157491, -92.8063345805433
-0.06602575044157491, -89.96048486399036
-0.06623176529056242, -87.11463514743744
-0.06581973559258739, -83.32016885870021
-0.06540772475525952, -79.20948739607476
-0.06458368421995664, -75.41502110733752
-0.06417167338262877, -71.93676999248851
-0.06355364769631341, -68.45848992815915
-0.06293562200999803, -65.29645398719836
-0.06231759632368265, -62.13438909675722
-0.06169957063736728, -59.28853938020429
-0.06108154495105192, -55.81028826535528
-0.06066953411372404, -52.64822337491414
-0.06005150842740868, -49.802373658361205
-0.05943348274109331, -46.3241225435122
-0.058403427356802894, -44.110674225255366
-0.05778540167048751, -40.316207936518126
-0.05716737598417214, -37.470358219965206
-0.056343354309516425, -34.30829332952406
-0.05551931377421354, -30.830042214675046
-0.0544892772505703, -27.984192498122127
-0.053665236715267406, -24.50594138327311
-0.05263520019162417, -21.343876492831967
-0.051605144807333775, -17.865625377982965
-0.05016309744636269, -14.703560487541822
-0.048721031224744415, -11.541495597100678
-0.04769099470110118, -8.379445181399703
-0.04563090279316756, -5.849796163994824
-0.04377682573422141, -2.687745748293864
-0.04171673382628778, -1.1067133030732919
-0.03986265676734166, 0.7905198412953354
-0.03739055402208018, 1.7391364134796419
-0.0347124552884783, 1.7391364134796419
-0.03244634853155716, 2.6877529856639484
-0.030386275484270697, 3.0039536848119894
-0.028120168727349557, 3.3201543839600305
-0.02606009568006308, 3.3201543839600305
-0.023793988923141926, 3.636369557848255
-0.02193991186419579, 3.636369557848255
-0.019879838816909315, 3.636369557848255
-0.0169957063736728, 3.636369557848255
-0.014935633326386338, 3.3201543839600305
-0.013081556267440203, 3.3201543839600305
-0.010609453522178694, 3.3201543839600305
-0.008343346765257567, 3.636369557848255
-0.006077258868983568, 3.3201543839600305
-0.004429196659024998, 3.3201543839600305
-0.0025751196000788207, 3.3201543839600305
-0.0005150276921452035, 3.3201543839600305