x, y
0.002396150919126483, 6.445887676559039
0.004048041840459676, 7.924960051978786
0.005562268898132688, 9.298381298852803
0.0073518425437731905, 10.883075853337942
0.009279080053073846, 12.57343601110901
0.011137457339573636, 14.158145040334318
0.01258288075638736, 15.742839594819458
0.014303613039874208, 17.221911970239205
0.017400927378021097, 20.28567890014409
0.018915192156988447, 22.08167571172072
0.02056708307832164, 23.98333812658322
0.022150132637501152, 25.77932046341965
0.023802061280128656, 27.89227066063347
0.025316307198448906, 29.58263081840451
0.027037039481935726, 31.4842642837867
0.02848244403810224, 33.3859266986492
0.030134353820082588, 35.60449907492841
0.031786263602062964, 37.18922257889389
0.033231668158229505, 39.09087051901622
0.0346082690735367, 40.67556507350136
0.03598485112819677, 42.2602741027267
0.03756791954802344, 44.47887542848625
0.03915100682849729, 45.74663107207434
0.04094054275284345, 47.85956679454799
0.04245480753181083, 49.86686586321605
0.0443948325598896, 51.69959956535973
0.04583689878150787, 54.54544928191265
0.047278965003126144, 57.7075141723538
0.04851501637575689, 60.86956458805477
0.050163078585715476, 62.766797732423385
0.051399129958346224, 65.29644674982828
0.052841196179964495, 68.45849716552925
0.054489258389923106, 70.98814618293412
0.05613732059988172, 73.51778072559881
0.05757938682149999, 76.99604631518801
0.05860942334514324, 79.84189603174093
0.05984547471777396, 82.68774574829385
0.061081526090404736, 85.53359546484677
0.062111581474695116, 87.74702930836344
0.06314161799833837, 90.59287902491636
0.06417165452198159, 92.49011216928497
0.06540770589461234, 94.70356048754181
0.06684977211623058, 97.54941020409473
0.0684978343261892, 100.07904474675945
0.07014591539679499, 101.97627789112806
0.0719999924557411, 104.50592690853293
0.07406006550302757, 105.77074417986529
0.07591414256197368, 107.35177662508588
0.07818024931889486, 108.61659389641821
0.08065235206415636, 109.56521046860252
0.08312445480941788, 110.51382704078682
0.08559655755467938, 111.46244361297113
0.08806866029994082, 110.83004221467505
0.08827465628828121, 107.35177662508588
0.08806866029994082, 104.1897262093849
0.08786264545095335, 101.34387649283198
0.08786264545095335, 98.49802677627906
0.08765663060196585, 94.07114461450556
0.08724461976463796, 90.90909419880458
0.08642057922933508, 88.06324448225166
0.08580255354301969, 84.58497889266246
0.08539054270569182, 81.10671330307329
0.08456650217038894, 77.62846218822426
0.08394847648407355, 74.78261247167134
0.08333045079775822, 70.98814618293412
0.08291843996043033, 66.56126402116061
0.08250642912310246, 63.71541430460769
0.08168238858779961, 60.553363888906716
0.08127037775047175, 57.7075141723538
0.08044633721516886, 54.229248582764626
0.07941630069152561, 51.06719816706365
0.07859226015622275, 47.272731878326425
0.0775622236325795, 44.11066698788528
0.07694419794626411, 40.63241587303625
0.07612015741096123, 37.47035098259511
0.07550213172464584, 34.62450126604219
0.07447209520100259, 32.09486672337749
0.07344203981671221, 29.249017006824573
0.07138196676942574, 23.557317573718734
0.07138196676942574, 23.557317573718734
0.06993990054780747, 20.079051984129535
0.06870384917517672, 16.91700156842856
0.06726178295355847, 13.43873597883939
0.06561372074359986, 11.225302135322721
0.06375964368465373, 7.430835846585481
0.06190556662570759, 5.533602702216868
0.0594334638804461, 3.636369557848255
0.05757938682149999, 1.7391364134796419
0.055107284076238494, 0.7905198412953354
0.05263518133097697, -0.7905126039252366
0.050369093434703, -1.7391291761095573
0.04769097584045401, -2.0553298752575984
0.04542488794418001, -3.003946447441905
0.043127755422671776, -2.3611232362189867
0.041160816251088, -2.512080301516079
0.0391938770795042, -2.512080301516079
0.03712857963295291, -2.6630228920729877
0.03417817087557723, -2.512080301516079
0.031424478668136524, -2.512080301516079
0.029064144117977114, -1.7573094497708013
0.026802148982138008, -2.210151696181711
0.024343512738952605, -2.3611232362189867
0.021786461638858196, -2.3611232362189867
0.019622843638633758, -2.0592091056248023
0.017557546192082468, -1.9082520403277101
0.015492248745531206, -1.9082520403277101
0.012050105195259564, -1.9082520403277101
0.012050105195259564, -1.9082520403277101
0.009099696437883886, -1.7573094497708013
0.007526152644875689, -3.1158940879642643
0.005460855198324399, -3.7196933996722805
0.003690594855381271, -5.078292512605913
0.0019203533730852845, -5.83306336435119
-0.00014490635217166703, -6.436877150799376
-0.002505259762978246, -7.64451919843593
-0.004767217177523028, -9.154060901926485
-0.007029193452714966, -10.059788818968855
-0.008897812070625566, -11.418373457162318
-0.0110614489314972, -13.078872225949965
-0.01302838810308099, -14.437456864143442
-0.014896950139050139, -15.796027027596722
-0.016667210481993253, -17.456540271124553
-0.01892918675718519, -18.664167844020923
-0.020502730550193374, -20.475623678105663
-0.02187959551456088, -22.43802210274731
-0.023649855857504037, -24.400435002129143
-0.025813473857728503, -26.664747557364976
-0.027878752443632582, -28.17428926085553
-0.029353956822320434, -29.9857306202001
-0.03073082178668797, -32.70291437132721
-0.03259942154395143, -34.061499009520674
-0.034369663026247416, -35.42006917297395
-0.035844867404935254, -37.38249654709597
-0.03859857847302314, -40.40157995407708
-0.03987710402307035, -41.911121657567634
-0.03987710402307035, -41.911121657567634
-0.0411555918518232, -43.57160595161511
-0.04253245681619075, -45.53401885099693
-0.043712624091270455, -47.647374340935684
-0.045089470194990794, -49.30787310972333
-0.04707296901478579, -51.69960680272983
-0.048927046073731925, -54.22924134539453
-0.05036909343470303, -57.075091061947454
-0.051605144807333775, -59.60475455409251
-0.05345922186627991, -62.450604270645435
-0.05490128808789817, -65.61264021160622
-0.056755365146844275, -68.45848992815915
-0.05799141651947503, -71.30433964471207
-0.05963947872943365, -74.78261970904144
-0.06108154495105192, -77.94465565000223
-0.06169957063736728, -81.73912193873946
-0.06396565853364128, -84.26878543088452
-0.065201709906272, -88.06325171962175
-0.06726180181420566, -91.54150283447076
-0.06911587887315179, -93.7549511527276
-0.0709699559320979, -95.65218429709621
-0.07282403299104401, -96.91698709368839
-0.07529613573630552, -99.13043541194523
-0.07715021279525164, -100.71145338242562
-0.07941631012184922, -101.66006995460992
-0.08168240744844678, -102.92490170068245
-0.08394849534472076, -104.18973344675499
-0.08621459267131833, -104.50591967116286
-0.08848068999791589, -104.50591967116286
-0.0882746751489284, -101.34388373020207
-0.0882746751489284, -98.18181883976092
-0.08806866973026445, -94.7035677249119
-0.08786266431160052, -91.54150283447076
-0.08745064404394907, -88.37943794402962
-0.08703862377629765, -84.9011868291806
-0.08621459267131833, -81.10672054044338
-0.08559656698500295, -78.26087082389046
-0.08497854129868757, -75.41502110733752
-0.08477253588002365, -71.93676999248851
-0.08415451019370829, -67.82608852986306
-0.08374248992605685, -64.34783741501406
-0.08291845882107753, -60.2371559523886
-0.08209441828577463, -56.75890483753959
-0.08065236149447996, -53.28062477321022
-0.08003433580816458, -49.802373658361205
-0.07941631012184922, -46.956523941808285
-0.07859227901686991, -44.110674225255366
-0.07776823848156701, -40.63242311040635
-0.07715021279525164, -37.470358219965206
-0.07632618169027233, -34.30829332952406
-0.07529613573630552, -31.778658786859367
-0.07426609921266228, -28.616593896418223
-0.07303004784003153, -25.138342781569207
-0.07220600730472865, -22.292493065016288
-0.07035193024578253, -18.814241950167272
-0.06911587887315179, -15.652177059726128
-0.06808584234950854, -12.806327343173209
-0.06602575044157491, -10.2766928005085
-0.06458368421995664, -7.430828609215396
-0.06252361117267016, -4.584978892662477
-0.06046351926473654, -3.003946447441905
-0.058403427356802894, -1.422928476961502
-0.056343354309516425, 0.15810396825906992
-0.0544892772505703, 1.1067205404433764
-0.05222317049364916, 1.7391364134796419
-0.04995708259737516, 1.7391364134796419
-0.04789699068944153, 1.7391364134796419
-0.04563090279316756, 2.371537811775724
-0.043364814896893575, 2.6877529856639484
-0.040892712151632066, 2.6877529856639484
-0.03883262024369842, 2.371537811775724
-0.036772528335764776, 2.6877529856639484
-0.03491845127681867, 2.6877529856639484
-0.03306437421787255, 2.055337112627683
-0.030386275484270697, 2.055337112627683
-0.027914172739009188, 2.371537811775724
-0.025030040295772674, 3.0039536848119894
-0.022969967248486198, 3.3201543839600305
-0.020909875340552553, 3.3201543839600305
-0.018849783432618936, 3.3201543839600305
-0.0169957063736728, 3.3201543839600305
-0.014935633326386338, 3.3201543839600305
-0.01266952656946517, 3.3201543839600305
-0.009373402149547974, 3.952570256996296
-0.009373402149547974, 3.952570256996296
-0.006901299404286465, 3.952570256996296
-0.004223181810037474, 5.533602702216868
-0.002163089902103829, 6.166004100512964
-0.00030901284315769384, 6.482219274401174