x, y
0.002369085890444156, 8.063237244881577
0.00525321833368067, 10.592886262286441
0.00525321833368067, 10.592886262286441
0.00751930622995467, 11.857703533618803
0.009785394126228614, 13.43873597883939
0.012051500883149768, 14.703553250171723
0.013905577942095904, 17.233202267576615
0.017201702362013127, 20.39525268327759
0.017201702362013127, 20.39525268327759
0.019055779420959235, 22.292485827646203
0.02132188617788039, 25.138335544199123
0.02296994838783903, 27.667984561603987
0.02461801059779764, 28.93280183293635
0.026472087656743776, 31.146250151193186
0.028326164715689856, 32.727268121673575
0.030386256623623514, 34.62450126604219
0.03224033368256965, 37.15415028344708
0.03368239990418792, 39.36758412696375
0.03533046211414648, 41.26481727133236
0.03945062706936661, 43.794466288737226
0.03945062706936661, 43.794466288737226
0.04130470412831275, 45.05928356006959
0.043158781187258854, 46.007900132253894
0.04501285824620496, 46.9565167044382
0.047278965003126144, 47.90513327662251
0.049133042062072224, 49.486165721843065
0.0511931151093587, 51.38339886621171
0.05345922186627988, 53.596832709728346
0.05551929491356636, 55.17786515494893
0.057373371972512494, 57.39129899846557
0.0594334638804461, 59.60474731672241
0.06128754093939223, 62.13438185938713
0.06314161799833837, 63.71541430460769
0.06499569505728445, 66.24506332201258
0.06664375726724311, 68.45849716552925
0.0684978343261892, 70.98814618293412
0.07055792623412288, 73.83399589948704
0.07241200329306899, 76.36363044215176
0.07426608035201512, 78.89327945955662
0.07591414256197368, 81.42292847696152
0.07776821962091982, 84.58497889266246
0.07962229667986598, 87.43082860921541
0.08127037775047175, 90.59287902491636
0.08312445480941788, 93.43872874146928
0.08497853186836396, 97.54941020409473
0.08662659407832263, 100.07904474675945
0.08827465628828121, 102.29249306501629
0.08992273735888695, 104.50592690853293
0.09218884411580813, 106.40316005290157
0.09424891716309458, 108.30039319727018
0.0967210199083561, 109.24900976945449
0.09898712666527723, 111.1462429138231
0.10125319570090408, 112.09485948600741
0.10393133215580025, 112.72727535904366
0.10619740119142704, 113.35968399470985
0.10866950393668853, 113.35968399470985
0.10908153363466358, 110.1976263416388
0.10908153363466358, 107.03557592593782
0.10908153363466358, 103.55731033634862
0.10908153363466358, 100.39525992064767
0.10908153363466358, 96.91699433105848
0.10805147825037317, 93.12252804232125
0.10805147825037317, 89.32806175358402
0.10763948627369252, 85.21739476569874
0.1070214605873771, 82.0553298752576
0.10640343490106172, 77.62846218822426
0.10578540921474638, 74.15019659863509
0.10496134981879632, 70.98814618293412
0.10434332413248093, 68.1422964663812
0.10393133215580025, 64.34783017764397
0.10331330646948486, 60.553363888906716
0.1026952807831695, 57.075098299317546
0.10207725509685409, 53.91304788361657
0.10063517001458866, 50.4347822940274
0.1000171443282733, 47.272731878326425
0.0991931226536176, 43.4782655895892
0.09795707128098682, 40
0.09713304960633112, 37.15415028344708
0.09630899021038106, 33.67588469385788
0.09486694284940997, 30.19763357900888
0.09363089147677925, 27.35178386245596
0.09218884411580813, 23.87351827286676
0.09095279274317736, 21.02766855631384
0.08930471167257162, 17.549402966724642
0.08786264545095335, 15.019768424059947
0.08600856839200721, 11.857703533618803
0.08374248049573324, 9.96047038925019
0.08168238858779961, 7.430835846585481
0.07982831152885347, 5.849803401364909
0.07735620878359195, 3.0039536848119894
0.07488410603833046, 2.055337112627683
0.07303002897938432, 0.47430466740711097
0.07035191138513533, -0.47431190477719554
0.06808582348886139, -0.7905126039252366
0.06561372074359986, -1.1067133030732919
0.06334763284732586, -1.7391291761095573
0.06128754093939223, -1.7391291761095573
0.05881543819413071, -2.3715450491458085
0.05634333544886924, -2.3715450491458085
0.05407724755259524, -2.3715450491458085
0.050987119121018415, -2.0553298752575984
0.04830900152676937, -2.3715450491458085
0.04583689878150787, -3.003946447441905
0.04274677034993102, -3.3201616213301293
0.039656641918354135, -3.3201616213301293
0.037390554022080136, -3.6363623204781703
0.03533046211414648, -3.6363623204781703
0.031004282309938874, -3.9525630196262114
0.031004282309938874, -3.9525630196262114
0.02853217956467738, -3.9525630196262114
0.026060076819415856, -4.268778193514436
0.02358797407415439, -5.217394765698742
0.021527882166220758, -5.849796163994824
0.019055779420959235, -6.798412736179131
0.016789691524685235, -8.695645880547744
0.014935614465739155, -9.644262452732065
0.011432607607064799, -10.720835728073553
0.00954961717601413, -11.322970444661308
0.007352747854837138, -12.286394676045816
0.005155897394307302, -13.370263220436087
0.0030375072259854197, -14.454102815346005
0.0006836984597452522, -15.537956884996106
-0.0015915934323454395, -16.621810954646207
-0.0035530818768984423, -17.103530307708553
-0.005828392629636303, -18.18736990261847
-0.007789862213542137, -19.271223972268572
-0.010065172966279998, -20.234662678393263
-0.012183581995249021, -21.31851674804335
-0.014301991024218003, -22.884075696015614
-0.016498841484747867, -24.329219280462482
-0.018460329929300884, -25.65393302664374
-0.020578720097622724, -26.73777262155366
-0.02261864997373654, -27.58076701467259
-0.025129360463745587, -29.02591059911944
-0.027047280813346536, -29.950122759366764
-0.02900875039725237, -31.756555858610383
-0.03073485796518137, -32.960839766526064
-0.032382505240902346, -35.00811806756067
-0.034265533393247324, -36.45326165200753
-0.03646238385377719, -37.7779753981888
-0.03818847256105902, -39.463964184426644
-0.040071500713404, -40.788663455867734
-0.04250373205055785, -43.19723127169911
-0.04477906166394287, -44.883234532677136
-0.046662070955640705, -46.81006852070598
-0.048858921416170556, -48.13478226688726
-0.05129115275332442, -49.57992585133411
-0.053723402951125473, -51.62720415236872
-0.05584181198009447, -53.9153421299345
-0.05799141651947503, -55.81028826535528
-0.0608755301020644, -58.6561379819082
-0.06293562200999803, -61.50198769846113
-0.06602575044157491, -63.39922084282974
-0.0684978531868364, -67.50987335597483
-0.07138197619974934, -70.9881534203042
-0.07303004784003153, -74.150189361265
-0.07467811004999014, -77.62846942559436
-0.07715021279525164, -80.79050536655515
-0.08003433580816458, -85.21740200306883
-0.08209441828577463, -88.37943794402962
-0.0835364845073929, -91.85771800835899
-0.08497854129868757, -93.7549511527276
-0.0868326183576337, -95.96837052150408
-0.0882746751489284, -98.49803401364913
-0.09033476705686203, -100.39526715801776
-0.092600854953136, -102.60868652679423
-0.09527897254738502, -105.13835001893929
-0.09795708071131044, -106.40315281553147
-0.10001716318892051, -107.0355831633079
-0.10248926593418199, -108.30038595990008
-0.10454935784211564, -108.93281630767652
-0.10702146058737713, -109.88143287986084
-0.10969956875130256, -108.93281630767652
-0.10990557416996649, -105.13835001893929
-0.10990557416996649, -102.29250030238637
-0.10969956875130256, -99.13043541194523
-0.10969956875130256, -96.28458569539231
-0.10969956875130256, -89.96048486399036
-0.10969956875130256, -89.96048486399036
-0.10887553764632325, -86.79841997354922
-0.10846351737867181, -83.32016885870021
-0.10805149711102037, -80.15810396825907
-0.1076394862736925, -76.67985285341005
-0.10702146058737713, -72.25295621689638
-0.10599141463341032, -69.09092027593559
-0.10537338894709493, -64.98023881331014
-0.10454935784211564, -61.50198769846113
-0.10393133215580026, -58.339922808019985
-0.10331330646948489, -54.54545651928275
-0.10228326051551806, -51.067205404433736
-0.10125321456155126, -47.27273911569651
-0.10042918345657195, -43.16205765307106
-0.09960515235159263, -40.316207936518126
-0.09857510639762582, -35.88934024948482
-0.0967210293386797, -31.14625738856327
-0.0967210293386797, -31.14625738856327
-0.09569098338471288, -27.984192498122127
-0.09486695227973357, -25.45455795545743
-0.09363090090710283, -23.241109637200594
-0.09218884411580815, -19.130428174575144
-0.09054077247552596, -16.91700880579866
-0.08930472110289521, -14.703560487541822
-0.08745064404394907, -11.857710770988888
-0.08539056156633902, -9.32806175358401
-0.08333046965840538, -6.798412736179131
-0.08065236149447996, -4.901179591810518
-0.07859227901686991, -2.3715450491458085
-0.07529613573630552, -1.1067133030732919
-0.0726180275723801, -0.47431190477719554
-0.0701459248271186, 0.15810396825906992
-0.06726180181420566, 1.4229212395914175
-0.06417167338262877, 1.4229212395914175
-0.06169957063736728, 1.4229212395914175
-0.058403427356802894, 2.055337112627683
-0.05572532862320104, 2.055337112627683
-0.053047211028952046, 1.1067205404433764
-0.05078112313267806, 1.1067205404433764
-0.04808538969397658, 1.512635679203214
-0.04563969185474662, 1.7102014078675154
-0.043451422988677005, 2.1053618146764563
-0.04087702009319048, 2.895639204073845
-0.03791642658634546, 3.093233882218499
-0.035599452664019274, 3.6859600176917553
-0.031094228736270643, 4.081105949760527
-0.031094228736270643, 4.081105949760527
-0.02903468378710479, 3.8835402210962258
-0.026717709864778574, 4.278700627905181
-0.024786888832516507, 5.068978017302555
-0.022984791717158184, 5.266572695447209
-0.020024217070960373, 5.4641384241115105
-0.01667747067405123, 6.056864559584767
-0.015132840253147622, 6.254444762989252
-0.015132840253147622, 6.254444762989252
-0.013073295303981769, 6.649576220317854
-0.011142474271719702, 7.24231683053128
-0.009340377156361379, 7.637477237340235
-0.007023403234035164, 8.427769101477793
-0.005221287258029714, 8.427769101477793
-0.0029043510569978087, 8.822915033546565
-0.0009735111640885724, 9.218075440355534